#FORMAT: BEACON
#PREFIX: http://d-nb.info/gnd/
#VERSION: 0.1
#TARGET: https://kxp.k10plus.de/DB=1.28/CMD?ACT=SRCHA&TRM=nid+{ID}
#FEED: www.vd17.de/files/duennhaupt-beacon.txt
#CONTACT: Hartmut Beyer <beyer@hab.de>
#INSTITUTION: VD 17
#DESCRIPTION: Gerhard Dünnhaupt: Personalbibliographien zu den Drucken des Barock, Stuttgart 1990-1993
#TIMESTAMP: 2022-13-04T15:30:00
118500147
11850021X
118500279
121418952
118501518
115400206
115400214
118502883
118503472
118650386
12415347X
100019382
118506137
118657380
142483435
118507923
102488134
118508253
11614419X
11851024X
119160242
118510665
118511270
118512579
123261368
11851296X
11643998X
121636011
123060311
118515586
119171082
118913859
118516744
104320958
11851847X
119171090
100092438
118677640
11852321X
120533405
118525697
118680749
104319321
118835629
118532294
123140269
11896173X
118691643
118533908
118534629
104115319
120065908
118855050
116750146
118538659
116649631
118695304
118696130
118718622
118541978
118542087
118542273
10014568X
118543032
119209322
11854327X
118701142
129918563
118720309
118546139
100352952
11870950X
115834192
129300454
121145905
129212822
121781402
118706187
118774735
100818684
122335430
1055526412
120079291
118554840
118559486
119511231
118561448
118562185
118562347
118723324
118723863
118777661
12672668X
121834514
124689035
118567535
121689530
11872522X
118567934
11872536X
104247533
118726714
100810977
118726765
104268034
11872889X
118574078
118574868
121448231
129376361
122063317
10422262X
118782444
100272568
118732595
118582038
118582879
118784919
118641182
124365329
118586688
118785990
118587404
118736256
118590111
12019323X
118739581
122447972
118741632
11859611X
100230792
118939599
118834517
124615589
118598481
118599291
12064536X
118744690
118600907
119365324
118745425
11549801X
12836677X
118791028
118749544
118791109
107712423
119037696
1037614151
118754408
118607243
118607820
11727609X
118759965
118609475
100268579
118064665
119298600
100264913
121882128
118610554
118762672
118762974
118795791
119151693
119066947
11861598X
118616005
118618121
129584673
118756141
117247243
104333278
104367318
123834252
118802879
11739646X
118629840
118630369
118767038
118631586
118636596
118772902
118127055
11885870X
