#TARGET: https://www.graphikportal.org/gnd-beacon/{ID}
#CONTACT: bulle@fotomarburg.de
#FORMAT: PND-BEACON
#INSTITUTION: Deutsches Dokumentationszentrum fuer Kunstgeschichte - Bildarchiv Foto Marburg
#DESCRIPTION: Graphikportal - Dargestellte und thematisierte Entitäten (Personen, Körperschaften, Orte, Sachbegriffe etc.)
#TIMESTAMP: 2026-02-06T20:00:01Z
#FEED: https://www.graphikportal.org/gnd_beacon_subject.txt
10157813x|10
118594710|10
118538969|72
119195259|1
118784811|15
11708719x|2
118849263|2
118931091|4
118987437|4
118763032|5
118607626|13
118632884|7
118554700|4
118584138|2
116088796|2
118917218|8
117247448|2
118635298|2
122032330|1
100127509|1
118535986|5
118600486|6
11853579x|12
118712373|12
118645293|2
118503820|2
118716921|4
119536420|1
115841938|2
119100320|3
100265901|1
119165198|15
101420153|2
118703226|2
118584146|3
118676075|1
102117470|2
116655348|1
117064815|2
119193132|6
118712322|9
117737542|2
116743786|1
11917426x|2
116851015|1
122044436|2
117764310|2
135925517|1
119240122|1
101041535|1
11870494x|1
118792822|4
12218517x|1
119080893|2
116121467|1
118666029|2
117275948|1
116114614|1
118560174|2
118581465|2
118539957|1
120310805|1
11860760x|2
118713507|2
118586408|136
119272946|1
116448830|1
119056437|2
118734725|1
118896156|1
118513141|2
117295752|1
116995351|1
118760394|1
116129417|1
118657585|1
116344512|1
116948876|1
100625320|1
116021756|1
118524097|1
11656282x|1
13910724x|1
116823593|5
118727834|2
130249378|1
12301011x|2
119144573|3
11724287x|1
117608793|2
118572121|5
118660276|1
116935391|2
115749535|1
117336351|1
12284131x|1
118777599|2
117126942|3
118540084|1
117109398|1
116625007|1
118653377|1
118519352|32
118557211|4
104148411|1
100918425|1
118607782|2
117608092|1
118728830|1
117031933|1
116097191|1
128710292|1
118783181|2
100925456|2
136238866|2
115446451|1
129340820|1
116876239|1
115661905|1
10311159x|1
104360232|1
118914863|1
118529919|1
133415864|1
117012599|12
14041794x|1
116323604|1
118783270|6
117290084|1
123145929|2
118530887|1
104359676|2
129485209|1
118591347|2
118809873|1
12482966x|2
128815221|1
118557432|2
118606557|1
11622004x|2
100882595|1
116712104|1
138377758|1
118560565|1
117243264|1
129528048|1
118540238|29
129979430|1
117007382|1
121387038|2
119415410|1
117563978|1
11606496x|1
117004669|12
118642286|1
118678965|3
117326658|1
118703714|7
117513318|1
117467375|1
116857005|1
120425343|1
116202653|1
104196521|1
12989432x|4
117440280|2
118602608|1
118599372|8
116396245|1
116871881|1
116534567|1
118594117|17
104141786|1
118550128|1
118552589|1
118719033|1
118629662|3
121500462|1
117406643|1
117598410|1
119342790|1
116299290|4
118512846|1
118780042|4
118522582|3
118597019|2
117085669|1
117530220|1
117101001|2
117404667|1
138270864|1
116093323|2
104103493|1
117332828|1
137849184|1
10416106x|1
118545906|1
104177624|3
118693611|1
118551264|5
116157364|2
104165693|1
121242765|1
115833706|1
118676970|2
118505092|1
118505084|1
118560123|2
11858524x|2
11854490x|1
118538322|2
118543733|5
118511947|1
115821872|2
118557513|821
118503510|32
118504959|2
118571710|1
118558013|4
118718266|2
118519476|1
118501828|35
119263491|5
118843214|19
118730975|4
118713159|1
11850083x|16
118525271|9
119243113|4
121164160|2
122745876|1
119167565|1
118513176|4
133696154|2
118641077|70
119362503|22
118768247|4
118503952|4
118557858|84
11892141x|10
11876800x|80
100090869|2
118501852|7
11871290x|2
118593323|128
118834886|4
124391567|6
118806645|6
121526216|1
138891192|1
117190764|1
118703242|3
117723444|1
117578290|1
128967927|1
117591696|1
12886284x|1
118526642|5
11856059x|7
118640909|849
121150542|1
118746928|2
122170792|1
118511882|1
116256478|1
118693018|2
118712632|1
118649728|45
118560042|3
118936557|1
118925059|9
137353766|4
104148772|1
118586971|10
118560107|3
118617826|10
118577867|2
118692925|4
118532901|1
122116429|1
119266059|1
133212734|2
118702211|4
121669033|1
118627171|2
118555359|5
141659645|1
101934688|1
119180936|1
118534963|116
118557998|1
118579371|56
118691015|1
118648306|3
123393426|2
118655434|1
119398885|1
129200395|1
118577794|1
118621823|5
118530666|20
118642820|1
11854893x|5
118575449|47
118575430|3
11859382x|2
118580485|33
116075961|1
116796227|1
118558382|190
119320827|11
118505114|8
11857941x|1
118571869|6
116392983|1
118738208|3
129478598|2
141420855|1
118513478|1
131538454|1
121772268|1
102506043|1
118646753|1
141360909|1
139612785|2
116895403|1
118502522|3
118613413|1
11645041x|2
120935902|1
11856014x|3
123937620|1
100844979|2
118816829|6
119028298|1
118574884|3
118808753|1
118535994|1
118502794|2
118579347|2
118827065|1
11864498x|1
116389117|1
119060558|1
137747470|1
116783893|1
124248896|1
11776650x|1
119056143|1
119230011|2
121060853|1
131754602|1
11766281x|1
116257687|1
116199229|1
119342316|1
118676903|17
117617113|1
122962265|1
11665659x|1
117190659|1
123595118|1
118968696|1
119414619|1
118526243|1
116412240|1
104106549|1
118525042|1
12493868x|1
118544306|1
118878794|1
11763252x|1
131756109|1
11851301x|1
123216605|1
100802427|1
118701363|1
118980386|1
117656429|1
123296749|1
11854571x|1
116405643|1
116426683|1
104056673|1
117731595|1
122239709|1
116645776|1
116425415|1
117504424|1
116604492|1
116411716|2
11854778x|1
118510444|1
118710168|1
118688731|1
116319208|1
116372443|1
119282046|1
116434856|1
116659475|1
11943184x|2
104114150|1
116617209|1
118533770|1
121694461|1
100471765|1
116395540|1
118901885|1
118626876|3
129201456|1
118545426|2
121105660|1
130435155|2
104113146|1
118544918|2
116237597|1
116642955|1
116771321|1
139364900|2
118535889|3
100346340|1
117528145|1
13343110x|1
133414507|1
118681370|1
138835322|1
121117081|1
118534955|1
116746599|1
116155981|1
117511536|1
118843982|1
118862782|1
116405988|1
130186791|1
117636738|1
11952354x|17
116747749|1
118678809|1
118820117|1
116818557|1
117622540|1
119181797|1
118639552|17
118531379|2
11874528x|1
11860113x|2
11606899x|1
117617334|1
116302097|1
116130709|1
122438140|1
119235439|1
10223244x|1
116435488|1
11882953x|1
119320207|1
119181304|1
116267968|6
11610029x|1
12291919x|1
123604664|1
116630175|1
119474492|1
116627662|1
11924120x|1
120837005|1
118537520|4
118501860|3
118824775|2
118603817|8
118518860|5
118510452|1
117108847|1
118609823|1
118612050|1
118762877|2
121667456|1
118603345|2
117214086|1
118606409|4
117194948|1
118606115|2
117097594|1
133325172|1
138377790|1
11860256x|1
116057661|2
128423749|1
116707801|1
118604155|1
116709995|1
128793260|1
128690097|1
118663097|1
119528991|1
136366376|1
115752870|2
116902329|1
119079178|1
118609815|1
118733591|40
116702419|3
117219606|1
13814754x|1
118750321|1
117094943|2
11855333x|4
119411954|1
119312131|1
117256358|1
118622323|3
100565565|1
117359165|1
100374522|1
102438811|1
119026058|1
118622897|2
118757490|1
117406295|1
133430367|1
118804111|8
129933376|1
117368229|2
117437174|1
11744894x|1
118963813|1
117436607|1
117095583|1
118816020|1
119486946|1
118628356|1
118804243|1
117530034|1
117447579|1
118607987|2
119019264|3
118607057|3
119209853|1
119544687|2
133863700|1
117368601|1
117390038|1
119489694|2
117212326|1
119252082|1
118806726|1
117575038|1
118807803|1
118769596|1
118987224|2
115362320|1
118630741|1
119355841|1
118858602|1
130066206|1
11737119x|1
118858335|1
117472514|1
118806157|1
116809639|1
116507055|1
117186880|1
116472464|1
139106855|1
131925318|1
119414651|1
117210196|2
118627457|7
118749455|8
116400854|1
138575363|1
118607960|2
122820347|1
139085211|1
117076317|2
117192759|1
118746219|1
117246077|1
118628038|1
117597740|1
137274335|1
117010790|1
104169311|1
11753207x|1
10147363x|1
116450932|1
116533390|1
142286222|2
104244585|1
118992759|1
118992767|1
118995758|1
11729781x|2
117467626|1
118904418|2
118534467|11
118837877|2
104161795|1
11931715x|2
123077443|1
116880449|1
118738488|2
100219756|2
12887418x|1
117399620|1
117058955|1
117532460|1
118786067|1
11858944x|2
116984627|1
118633716|1
121066215|1
117688711|1
123567874|1
118792245|1
118741837|1
116178965|1
118597256|1
119014246|1
118740555|1
124414303|1
118740563|1
118791737|2
117122165|1
118792431|1
118595245|1
116324554|1
118598031|1
124692710|1
130126527|1
104125489|1
100385702|1
116070803|1
13024659x|1
117059560|1
10839753x|1
117148725|1
116014202|1
13804502x|1
122254821|1
118664883|1
123888808|1
117107263|1
118598058|3
11874304x|1
118918818|1
120612607|1
117147559|1
119071606|1
118749218|1
116324562|1
123227100|1
116568143|1
117159298|1
10041544x|1
100823548|2
118598899|1
100404243|1
123072263|1
125990413|1
119474506|1
118604678|1
119016753|1
119059622|1
116643013|1
118564943|22
103086609|5
129940518|2
12431984x|1
116735996|1
116896442|1
116101075|1
121951197|1
102424411|1
118680315|8
119168596|7
118612271|5
101780591|1
116296143|1
116340037|1
117258709|1
117482358|1
118744305|1
13642659x|1
116570377|1
102534152|2
124485790|2
138159769|2
117225576|1
116222433|1
121585271|1
117339679|1
118631764|2
116763752|1
118718983|1
118562924|1
118724010|10
118731416|1
10030396x|1
136108814|1
116276444|1
11850245x|5
116263431|1
118991078|1
119021285|1
116609966|1
116582006|1
12175846x|1
118567543|2
116311568|2
129631949|1
11623668x|1
118715380|1
124019579|1
118771841|1
118836218|1
117065013|1
118665022|1
136439705|1
118620606|3
118640496|2
118777831|1
119123304|1
120621266|1
118726811|1
117571326|1
118564781|1
119258056|1
117578487|1
122041240|1
116708077|1
119054043|1
117600989|1
118783696|1
11878224x|1
119368765|1
119240114|2
117583715|1
117212105|1
118573527|5
117008176|1
118778528|1
116309865|1
119489635|1
140662626|1
116669497|1
130440132|1
122583787|1
118647717|3
118640445|4
118643355|5
115872663|1
117044504|1
116739584|1
116719788|1
116942630|1
118774115|1
11870527x|1
117039144|1
118707078|1
118708244|1
104051280|1
123594286|1
115506527|1
116768754|1
104256141|2
115368302|1
118560182|9
119105691|1
118555855|1
118611232|1
118707124|3
119272717|1
116778725|1
11941662x|2
117065196|1
136250734|1
118610066|1
118738097|1
11710437x|1
119264374|1
118775766|1
10030673x|1
118560751|1
11853596x|3
11671574x|1
119549662|1
118930435|1
118772562|1
118739301|12
118649639|1
118559796|5
131971026|2
118681923|1
118736558|2
11908516x|1
100442234|1
118503642|48
118558897|41
133008150|1
118691880|19
118731181|23
118791621|7
124538517|6
124226752|1
118651439|29
132231085|1
118819623|2
124538657|6
124538673|2
129351733|2
124538533|2
12148565x|1
124538398|5
124538584|3
118678132|28
117698482|1
118552953|6
118711865|2
122271769|1
118832611|6
11884847x|6
116670428|4
119025760|1
128704004|1
118977164|5
123407427|2
118588079|1
119092085|1
124163629|1
118784749|1
118560263|1
128579641|1
118892959|3
122801636|1
11885772x|1
118784900|2
118501739|1
103134573|2
118577905|3
118586998|2
118686763|2
11900044x|1
10116033x|2
118525778|3
11851136x|5
11883715x|1
118714368|34
118578979|36
118605984|2
104163984|1
118575198|36
104160802|2
118578030|35
118864319|8
118538527|20
118627082|4
138863660|1
119481758|5
118557815|189
138435669|2
118930176|3
100121934|3
118565184|2
119221292|4
11859964x|11
118595512|1
119234971|2
118574817|5
132172607|1
118641549|60
118640437|2
118554948|9
118612492|47
119050935|2
11930306x|3
118596462|2
118641190|92
123999812|4
103106782|4
118804758|15
118582607|5
104196645|1
118560573|22
120052539|2
118564404|1
118605100|11
118626574|14
118641514|2
11864730x|1
118594788|5
118765469|8
120016117|1
118770462|8
119399555|2
118725769|1
11899669x|2
102398291|1
118756885|1
118742949|1
119501600|4
118626833|1
123017548|3
122737458|1
118557092|2
118579878|3
119115093|2
100942024|1
124664555|2
118726102|3
118647733|14
118726986|2
118674609|2
118726838|3
101069243|1
10406577x|1
118727389|1
100270565|1
132724774|1
119362341|1
119556731|1
118509969|4
119154161|1
118742418|2
130652792|1
121278778|1
123816637|1
118560581|3
118675540|1
116585048|2
118729411|2
119357577|1
124377378|1
142185701|1
138515050|1
123046114|2
117306851|1
118534262|1
116724579|1
130263400|1
124852483|1
118535749|16
118671596|2
118622625|1
120233304|1
11862119x|1
118783041|1
118786695|2
118862294|24
119140659|2
117673870|3
100085725|2
119539780|1
117591203|1
118033719|2
122270517|1
119139162|4
131398105|1
118884506|1
122773799|1
118804618|2
121256545|1
118577840|112
118890751|6
118541838|8
11864808x|2
118582143|6
119009102|1
118597787|12
124713491|1
118543415|1
122939131|1
123331749|1
118592904|2
118540505|1
118593234|2
118577468|1
118523708|9
118504851|29
118780743|3
118574418|1
128812524|7
118505122|6
118552325|2
118776800|1
119188287|1
118661957|13
130289590|1
117301744|1
116168986|1
118550853|38
118716913|2
12364433x|6
122296656|1
135589746|5
118781871|1
118940430|1
10416137x|1
104164093|1
119458446|1
119120674|2
118567551|1
118594605|17
118522256|1
119095548|4
118605941|1
113666691|1
117320706|1
11860354x|7
118701711|2
119117509|1
132305887|1
117293741|1
117300616|1
118539205|1
118926802|1
118594818|1
116571217|1
119153262|1
116009926|1
118932748|1
116226587|1
116515112|1
117583588|1
118779508|1
116586443|1
117141550|1
120070049|1
117224863|1
118628208|2
116959649|1
116342684|1
117049182|1
118798715|1
117585688|1
116978775|1
11631141x|1
116253630|1
122964314|1
118705814|1
135903289|1
116391707|1
118790935|1
123375444|1
118617222|2
116669713|1
116421436|1
116137320|1
117472964|1
117524034|1
11852643x|1
116762012|1
139264744|1
118919067|1
118804219|1
119498162|1
1019748990|7
143656813|11
124989446|1
118570420|7
118739867|32
137770006|4
131657585|3
11856109x|38
1052668313|1
104286547|26
1054262128|1
1070116572|36
118621211|106
1155331451|1
119555603|1
118636421|3
1019743921|2
118637533|130
119160358|6
1061160521|4
132294842|8
104355298|1
136182054|5
118570293|196
136097014|3
1025726502|2
104156503|3
115599312|10
118646907|20
118592912|71
11858622x|13
118961896|59
138506132|25
11676452x|4
100532128|1
118584588|3
118584596|8
11858460x|4
119285428|4
103128964|1
12209025x|10
119534274|8
1015549659|4
118518534|24
143857665|8
120759640|26
11879728x|21
116326719|1
1052396933|1
1061673863|1
118551353|8
121408094|1
1068937521|1
1053464959|11
118545345|17
128683961|6
139103104|9
1053581734|5
117559598|1
1073989046|1
118600796|1
1089484542|3
118517384|101
141429356|4
118678752|15
118598228|6
1071077155|8
1071077198|5
118579274|8
123840244|7
1019763795|17
119242435|1
118513303|17
118558536|26
141346965|9
118699598|12
135913667|21
143681346|14
117144193|4
1019741678|8
1068600888|1
143680765|11
119464632|15
117019135|2
119034646|1
118570617|7
122816471|4
142573787|24
118637266|22
117441813|3
118855344|34
13777074x|4
137102453|6
143206362|5
117643629|1
119022230|3
136182208|30
140540393|1
10313378x|9
13203042x|7
116761660|1
1068493437|4
11879535x|10
118853635|28
135935431|13
1024673685|3
1051615984|5
116703873|1
115552901|2
104318112|18
118533185|1
11660462x|16
1051423325|5
116173858|1
1052808050|3
118649280|5
119291002|4
116087285|5
1082222631|1
1081566396|1
11880362x|9
123977886|1
136023835|7
104180536|7
119006871|2
118660438|1
138063028|2
1048540359|2
1068799609|7
118519255|1
118703781|6
1050547020|1
118697390|1
118624326|6
1089449194|1
118768042|5
1113778571|9
118624148|2
135854393|7
1014156319|1
135556813|1
118834126|4
13718610x|4
115583025|13
1076097480|4
124344739|1
1051789311|5
118622447|2
119615606|3
142731595|9
104286563|3
102272905|9
115881514|8
137193793|2
141497777|3
11863738x|1
1049724240|6
130680826|1
138388709|1
137582498|2
129185795|23
1053984731|1
118694413|48
118588087|25
129209724|5
11879941x|38
118628755|12
1094729388|1
104052481|5
140109234|2
11871161x|10
118801848|2
136160298|3
117227358|5
11859169x|64
1036653870|3
118514881|27
134073460|8
118520725|22
117402524|16
11870382x|3
117543632|3
104114843|5
118571877|2
118755366|8
104377674|1
102534357|3
1079250220|1
1011338661|2
11862203x|5
121796779|1
118557394|5
117322962|4
136326137|1
118607308|13
118768417|1
116978813|6
118932640|5
117482064|1
118581775|7
1017958440|2
135772923|18
11684938x|4
11699908x|7
118507125|6
118633112|1
11910704x|1
117752266|7
118525263|4
118594427|2
128418842|5
118537636|2
1047791412|8
118735462|6
1049852567|8
118788086|16
119806428|5
143673416|1
138366616|1
1019685441|2
1048254909|6
118560026|6
118622951|1
117012769|4
139148213|5
118516361|4
11727397x|2
137424094|21
118633198|8
116170638|10
138574332|19
137916876|5
1147709769|1
129587559|3
118757555|8
118833561|21
1082225479|1
1064286380|5
1074475607|1
136806678|1
139095349|18
118780115|8
1155503910|1
138520909|1
133373177|2
1047765063|8
124247326|4
118967142|7
120311119|8
135939631|11
13817668x|8
116052147|8
118792393|1
117412465|5
118514253|3
116976748|2
100648096|2
116700475|3
133085627|14
140614184|9
118708597|6
118649418|11
119695790|9
1067740139|1
118594923|10
118712160|7
123621534|8
143751573|4
136932363|5
118714090|4
118514210|3
1055611053|2
121147266|1
104111089|2
143960660|1
1020481161|3
12120071x|14
118581899|3
102381283|3
121515966|1
118531441|51
118527959|7
132969629|2
142683744|2
118531093|10
123518830|1
1069803030|22
124263488|3
130842001|1
1017958173|3
119864010|3
1031290397|1
118721593|3
117184713|5
118789406|19
118659952|11
1072036835|1
118556746|26
118639986|23
119426811|1
138682577|3
118769308|28
100177085|2
110549960x|2
1053954085|1
1053971621|1
1080503757|3
118988999|2
1079247696|3
1156027004|1
118733273|14
117202827|8
101879725|7
129502677|1
118896644|5
119100142|3
143535269|2
1016519486|5
1074773160|4
142913324|8
116916273|5
118805371|8
143681109|18
118707256|14
1053925395|1
116678070|1
117189812|4
135547075|1
1049725018|6
130268828|10
118649469|1
119150182|1
122970470|1
11889112x|2
1019765046|1
123290236|2
105228762x|1
117732036|6
119452855|7
135549485|7
121891453|9
1069802425|6
1070489611|9
118986155|28
1020309032|1
11860371x|18
1011177242|1
119087863|6
118560034|22
118594540|2
118536745|22
1020113499|2
117480967|1
1066864861|1
119072866|10
11892088x|19
118686534|16
118743856|15
1050518462|2
127914617|4
102385661|3
121714322|2
1053974620|1
119842947|8
123215595|3
1114149470|1
141897295|1
124322018|5
118500201|27
1068495863|3
121735060|6
1023889595|6
118645870|1
118585819|10
118830260|3
116445645|4
118581090|7
118594915|1
118625780|23
124788920|5
140896341|3
101117728|4
1063823234|1
1078924708|6
1089450958|2
11942035x|4
143659413|6
1057926698|3
119052822|3
118501607|6
109012807x|8
100372724|10
118056433|2
118662864|12
1023471485|5
118682318|4
118733389|4
11874092x|4
13910321x|25
138815658|1
1016455682|1
123468981|2
118523929|47
118605836|15
121026124|1
1115368974|1
118564994|2
11854392x|13
133186083|3
137722427|1
128808578|1
118735896|3
117013714|3
100182747|14
1024516903|3
11909715x|3
118968416|18
1049399137|1
1049724127|2
132180324|4
118751719|6
121037266|1
1017142092|4
118500864|7
1055860207|9
122962257|8
1089447329|1
118694162|4
119354780|2
139103198|2
1068470291|4
117204307|1
133980014|2
130492264|7
1021410217|6
118911953|1
135935210|10
13618202x|7
1072851059|4
132377527|7
131910337|2
118881485|1
118634658|5
11867661x|7
118554735|1
13818920x|2
117186309|1
132508419|1
1053161271|1
1017941025|4
118783645|1
1049519469|1
116238380|5
119196190|3
1072085461|2
134110943|3
1089643098|1
118597086|1
122149270|3
118697064|3
118529811|9
141389613|1
118809466|9
118537350|4
1068799552|3
119605562|8
1013812751|6
120186209|5
1051817919|3
119331136|3
136782574|1
118794957|1
116432314|5
1089451326|1
11952144x|3
118638157|1
101992157|1
118983032|13
118748742|1
13601027x|7
1069780758|3
143206613|7
118836889|8
118836900|2
122064283|10
129322288|3
117289736|5
12199936x|4
1069697338|1
119536196|1
11850262x|88
1155513746|2
1089450419|1
118512315|31
123982871|2
118729470|2
1049837193|2
117691623|1
118642774|1
115368361|13
1030484473|2
118643886|15
11691632x|1
119474220|2
118949381|2
11861343x|2
1080108602|1
118804790|5
117589136|2
115511237|1
118768123|17
14271612x|7
118545140|4
104109076|7
1089420706|1
1019764880|5
117289701|6
118591746|2
140887539|1
1053956975|1
115527796|3
11756222x|6
118771523|1
119870010|3
132223570|7
118670468|3
13592586x|1
143680544|4
1032434279|4
100249485|6
118558528|11
1053646372|1
118508911|23
141112042|1
1069802867|10
118520814|3
1053394942|1
119301199|1
118658875|2
1103520229|1
104304596|2
104182156|5
118954717|2
119317788|1
137096097|7
118560093|19
118753495|3
1023241269|3
1019743824|7
135678226|1
124165125|8
104124970|1
118524844|3
119148455|7
119157128|5
129364215|1
117767352|1
1029677751|7
122811178|1
102550018|1
118548174|7
118773720|4
118930680|1
118778889|1
118939386|1
118955314|1
119121492|2
124076343|1
124548717|1
134119444|1
116000031|7
1074965051|1
1053634307|6
116941839|8
118666681|6
118762281|8
124376363|5
13600346x|6
136655750|7
118619055|8
1019756969|2
1046349171|1
119410826|4
126430020|1
129954241|2
132420945|9
1050470680|1
1130153592|1
123138337|1
1051617634|1
121237958|5
1019669071|1
142731064|3
121494683|2
118555898|23
11715136x|1
117198714|1
118961349|1
1156624215|1
118509950|3
128658304|4
135705851|1
136592015|1
142694347|7
124161707|2
138054185|9
1130351769|1
1142160572|1
1019761679|4
118604597|1
139232168|3
1017168210|3
14031184x|1
118820656|7
118639951|6
11710244x|1
1020310278|1
116600101|4
119233096|1
117226033|1
106849218x|2
1012493172|1
117382477|1
108993985x|1
116004835|1
126821038|1
132201143|1
1047891166|1
100971113|1
118776894|3
118581759|1
1069801046|7
1067538666|1
1050967143|2
1019761598|5
117426334|1
136255582|8
143680382|6
116978643|4
189570997|3
116547111|1
116772069|8
11701351x|7
101276401x|2
137698178|1
118622099|17
117240613|2
121376788|3
118947648|14
118580221|7
104688266x|1
122097874|5
118767003|6
1117237044|1
1042587973|3
1089355580|2
1089396848|3
121461335|1
1021380334|2
1051855594|2
130345822|4
100950574|2
118681656|2
118550365|2
141111453|7
118602667|2
123959306|5
1057182249|1
1067744487|1
100633218|4
105182270x|1
117500011|1
118605283|10
135548896|6
129411728|5
118792172|23
129446424|6
116891963|2
1089380836|1
115552855|4
123237890|2
1050481321|5
118835335|7
118581082|2
1024934934|5
116976659|6
1065013817|4
11622827x|5
118735918|8
120152495|4
136009662|3
137914482|5
1071082248|5
137803044|4
156820455|1
122250656|1
119148668|1
137274025|15
118573934|2
118769014|2
1023441985|8
120284243|5
118556800|23
137684258|1
1062938666|1
118642103|1
119363577|1
118638874|41
1090216211|2
1049961048|1
122532570|3
1076986021|4
122585712|5
118580337|2
116231696|1
119072475|4
1097611019|1
120342545|1
120669226|2
133136078|1
142064750|1
118766767|4
13874825x|2
103654995x|3
1056882662|2
1051616611|2
1023473798|8
119200414|1
1089584466|1
118773895|3
118884786|8
119217139|1
11656928x|4
104759028x|2
1057035793|2
1076339875|2
107659221x|2
1078433569|2
117205583|2
1114995258|1
118698885|2
118615270|9
105315867x|1
130076341|62
116994193|1
125000820|3
117276936|2
1044570199|1
122121643|1
103127240|13
118646877|50
120873168|1
11863934x|9
118578073|2
1033201340|6
128525827|3
1126471194|2
118619772|3
101257228|1
11663894x|2
11883505x|3
131451057|4
1069090557|1
116983450|1
118529862|29
129995126|12
118500031|8
1107036461|1
12115002x|1
118600354|2
118787373|1
119228998|4
11856322x|8
118574949|3
1015771033|2
118512129|11
118604872|2
124357482|2
1027687962|1
119421054|2
105129374x|8
118670034|1
118721224|1
118778994|1
118780549|1
118806823|2
118849549|1
119107996|1
119435586|1
119547317|1
120538180|1
128407263|1
128890894|1
133144003|1
10026641x|2
1115745662|1
122834356|5
12889010x|3
1051423813|2
102439362|1
117610356|1
1048731723|2
136681085|1
116510056|2
116540486|1
1049966155|2
1019759267|2
135688256|1
128668946|1
139873163|1
128975490|4
137648111|5
118703315|1
118786415|1
1089458797|4
1052422543|1
118716166|3
1117226786|1
118577379|8
118583425|4
122406818|1
118818880|2
138528217|3
110352710x|1
1080507760|2
1017177597|1
118532529|3
102243395|1
1067343881|1
1080378723|3
118531395|1
118500384|19
124566685|7
1079569162|4
118628976|1
117349569|2
1061006131|2
118578219|9
11906667x|9
1051384273|1
118861131|1
118518275|5
136284035|5
118574957|3
136012000|2
118501194|3
118589385|16
118803271|6
118602985|1
1056145315|1
1070107824|1
118548573|3
139891609|7
108950926x|1
102840636|2
137987374|2
119009544|1
118578308|11
117248339|2
119549220|1
108194221|7
116764791|1
1055732845|1
101757107|1
1033773247|2
119151693|3
11878885x|2
128531347|3
115565388|2
118907085|7
123445205|4
1093848774|1
118649035|1
1051658608|8
139175342|1
1114758000|1
118594893|4
118650130|2
119135809|3
1069784117|1
121285316|1
118847503|1
138083495|2
140303499|2
1089473648|1
1089804806|1
12172008x|1
101972451x|3
1023853868|1
118888145|1
135880882|1
130466174|2
140975977|1
1070113115|1
143204262|2
138702071|2
11899512x|1
118525867|7
1051019648|1
118512374|5
1025830806|1
120156792|1
137268769|4
1068475129|1
11690240x|9
118516507|8
118585517|5
118627295|2
116123834|1
104239107|1
1049724100|3
116768274|3
1037004345|1
1019763981|2
118603426|4
108958086x|1
118823310|13
143647792|11
1089347863|1
118817264|1
143572164|1
143849034|6
117075035|2
1129899330|1
129828777|1
1019728124|3
118701398|7
1155485777|1
118649809|6
13281837x|1
118548255|6
11856806x|2
1062938577|2
1042368228|1
11565402x|4
118791478|2
1023877007|1
122811720|3
100289452|1
144004631|8
133157709|2
129365564|3
1020480955|4
122495772|6
143202383|4
123675987|3
122213459|4
118585851|4
124976751|1
117478792|1
133102300|3
143606689|2
122831993|2
124986366|1
118502220|2
137425597|4
116764651|1
135697999|7
1052760392|1
1019752165|1
13957610x|1
13783604x|4
1048304477|2
118834878|1
118830295|11
119243717|8
117685208|1
108932667x|2
139106669|1
118727869|3
1080271937|2
102454795|1
119016486|2
117179450|1
118656368|3
1034113461|5
118772635|18
132339811|2
1055450793|1
116646772|4
11723320x|4
118639897|5
118710117|5
1060060396|1
104090413|3
11861794x|1
118627813|1
189569255|1
120435659|4
1020741317|1
138850291|1
118543725|1
124321917|1
11863965x|1
11898618x|4
1019761024|2
118641506|2
118939483|1
118571613|1
1017139512|3
1069696277|3
1069696447|3
142808717|5
119020890|2
136305067|1
118790277|4
1014897785|3
1036387348|1
119429896|4
118835556|3
1053568150|2
1119758033|1
117230723|3
118803182|3
119059738|5
118709917|4
121893030|1
118732536|3
1129878597|1
1031413871|1
131902083|1
11854523x|1
123620805|1
119137178|2
129315109|4
1033280895|1
1047835274|1
117601500|2
1126459003|1
100819524|1
137588879|3
118614339|1
104255609|1
118805495|2
12918814x|14
118671421|2
1070489859|5
1069778303|1
117687162|1
1023516713|1
100227627|1
118159224|1
143202847|3
124538487|6
118636979|6
119078260|2
118929941|2
118599410|1
119398257|2
118795031|2
137644787|2
1052412416|1
118518410|1
138373108|4
1052774016|1
1019381337|1
124314805|4
118688111|4
123009456|3
10067190x|1
118534912|4
119156164|1
138528195|3
118746324|1
173677835|2
117232262|1
127336648|1
121592863|2
118663763|3
1069804401|4
124789609|4
128518650|2
118938738|2
117353558|3
100056083|2
126222584|1
1079530630|3
118516876|4
1043068147|2
119082004|2
119314541|2
123632048|2
137755066|4
117274011|2
117245976|2
137836058|3
12299583x|2
118612174|1
118786679|1
118721127|1
132283557|1
11709711x|24
1069084476|2
119242346|1
118580744|4
118557416|1
100692427|1
11683868x|1
118640690|6
11857048x|10
1077759282|1
118632299|4
1126194816|1
1052175058|1
119485141|2
118752464|1
100957323|1
120031043|1
138644470|1
11875243x|1
119038250|1
117013463|5
136255507|2
100558380|8
123028701|3
11867692x|2
139745688|1
1050533283|1
104940730x|1
118782703|2
100276318|1
1051858801|2
105596391x|2
142871885|5
104326360|2
123157390|1
1080511873|7
1089471823|3
1151151335|5
11565416x|2
124459668|2
118616277|2
119336839|3
1053582994|6
1081726156|1
137769687|2
117100684|1
102478996|1
1050677420|1
118560557|1
118692887|1
118720880|1
140976698|1
189565853|1
119477688|4
118894609|8
143453106|3
118963821|2
132697661|28
118910035|3
1155512103|1
139331867|1
1020940395|1
138510512|2
1015752098|3
1089394810|1
131382918|1
116114673|1
1068469692|3
1104970783|1
116729767|1
118712039|1
118702335|1
119358336|1
1019766301|4
117340529|2
119003279|1
11880720x|1
1019746017|1
1026692504|3
118826085|1
142495948|1
118603701|1
119772809|1
1052807658|3
119181355|2
116584459|1
1049763432|2
129453560|1
118660993|1
1011886081|1
118620916|1
118833081|2
118586718|2
1055201904|1
119303590|1
121886018|3
118820745|2
1081684879|1
1062500245|1
100130607|2
118505505|1
119206080|1
189568364|1
117012300|1
116830069|1
121394484|1
117595950|4
119115433|1
1058096222|3
139264973|2
1031901116|3
101968545x|2
118790838|1
1089570112|1
118577956|2
118504134|22
1016529422|1
130580686|1
1037496310|5
118605534|2
118590278|15
124346529|1
118565109|5
121644111|1
118544489|5
1025857712|1
12206075x|7
119064332|3
117482897|1
1019507594|1
128536861|3
1043592784|1
118773593|1
115599266|1
119792389|1
104196424|3
104632456x|2
105051078x|1
116849398|1
1051427320|1
118552945|3
11851170x|1
11878904x|1
118645552|1
118639560|12
1053418728|1
119229277|2
119258897|1
118646575|13
118719785|1
1089448139|1
118651552|1
1015684882|3
118572393|1
118613723|10
122605209|4
101974815x|3
118552724|3
118555049|2
117652199|3
1023781239|1
118755544|1
118755552|1
135895081|1
134106997|2
118577816|6
119332701|2
133186482|1
1120053854|1
1060417472|3
139142754|1
117148261|2
173301916|2
139094369|4
139909249|1
116969024|3
1034267574|1
118710656|7
11862721x|2
1019758309|2
1069520616|2
124938167|1
143020757|1
136279031|3
1019763558|1
118622994|1
118865870|2
100373666|3
143213350|1
139265015|1
111715517x|2
11864386x|1
118604023|1
123345626|1
118797336|2
118547623|4
118557238|2
118669184|1
118585045|2
116960183|1
100075258|1
118731122|1
1089577818|1
137916973|1
100328989|2
1048552314|2
124767702|1
119006634|1
1049456289|2
1025201671|3
118803077|1
118574892|2
1049725433|3
117365475|1
1089475047|1
118520512|3
119146193|1
13027299x|2
1100366091|2
123723515|1
107700060x|1
117263265|1
128493348|2
118519298|1
117596329|2
118589393|4
11885254x|1
118585037|4
118736744|1
118505904|1
11808853x|3
118579355|7
122687132|1
123435153|1
1099475082|1
121440613|1
101891865|3
137095376|1
1051853931|2
118845756|1
100814719|1
1049807774|2
124607497|2
117476730|1
1154550966|1
116595671|2
100258921|1
1051123631|1
118802712|2
119101459|1
1026349257|1
128361204|3
117387878|1
1019762438|1
11766541x|1
1016948522|1
1019380160|1
1053648243|1
118558862|5
117145920|1
11601198x|2
117205346|1
118626647|1
122635388|2
1034627252|2
139002014|2
1068800364|1
100547583|2
137829418|1
118608045|3
137769830|1
118817566|1
11943542x|4
118558544|15
118706616|14
118621793|1
117678783|3
11865649x|1
133925242|1
116764570|3
11620527x|1
118577808|2
1069166227|1
122006968|1
118531360|4
1058874128|1
117751669|3
11670005x|2
1051341922|1
172349877|1
116634987|1
13835684x|1
118727516|1
117308137|1
108942891x|1
117565164|1
118618687|1
137564589|1
118768077|3
119259028|3
15952248x|1
117453471|1
1026863430|2
121724522|2
118738062|3
104108312|2
100592988|1
118757652|1
139103082|1
1089579918|1
13880656x|1
139524010|2
118616455|1
120191024|2
1012180530|1
1017990166|1
1017993351|2
120341913|2
118649302|5
118790455|6
1067740597|1
119356023|2
14137490x|1
118975021|3
11884962x|2
1085682935|2
123644887|2
13867289x|1
1089373996|2
1031346929|1
123345537|2
1051617189|1
1049274474|3
1075552443|1
1089567499|1
1080509526|1
120125374|4
118604988|1
124602304|1
1048657167|2
1055963774|2
1054036276|1
143633821|2
118820141|4
1055661247|1
118560484|2
118647482|1
1044283351|1
117695513|1
118803573|8
116216301|3
118670166|1
1048538850|1
1125724684|1
119014106|1
1020216883|1
117126772|1
124488536|1
11915398x|4
118616617|1
1067534059|1
1069601969|1
130474045|2
117441759|1
118773313|2
11873833x|1
119372207|46
1074472659|1
118535765|1
1048059138|1
1060060426|1
1047828898|1
11896318x|2
119512947|3
1056847379|1
118558404|3
1051615577|1
143658468|1
1027148891|1
138470189|1
116069422|1
121024091|3
11864436x|2
138516944|3
116703113|1
11889644x|1
117592684|1
120663171|3
118613154|1
107260079x|3
118805207|1
106501368x|1
1047140241|1
122584732|2
123089484|2
141109408|1
102511217|1
118787179|6
101689187|1
1147718717|1
11947624x|1
118623052|1
1051854288|2
138470103|3
161106102|3
118632477|3
121948617|2
124714323|1
118634771|2
124274714|2
116917482|3
1044608528|1
1068473126|1
1015305563|1
118510916|2
1050383850|3
1077001770|2
138437890|1
118664913|3
1023274388|1
118688685|3
13340613x|1
119472449|1
137377657|1
118534254|1
118891294|4
120527057|2
138486913|1
117387843|2
118956604|12
119435128|9
118548166|1
1052757979|1
118574930|3
122263162|1
1063319188|1
1156624487|1
1142393119|1
1021104132|1
1067746145|1
118736647|1
1019739371|1
132963892|1
1043236961|1
122585909|1
137096739|1
117667099|1
100230873|1
124502245|1
117143391|1
1081788860|2
1035518651|1
11623637x|1
137186207|2
1093870443|1
118595598|1
118623753|3
1024703401|1
118696254|10
1156426995|1
130383090|1
118767135|3
137330243|1
1033251216|3
1064863272|1
116921633|1
123451590|2
1068796960|1
1072490110|1
1049398661|1
118569651|1
1057658944|3
118625284|6
118625616|2
118960601|1
1136883126|1
1059897407|1
117163120|1
118677500|9
118612190|2
116994150|1
139764240|4
118788442|1
1012804461|1
123794706|1
118064657|1
102121982|3
1085683265|1
11875288x|1
132268825|1
117220116|1
1089420609|1
138923779|1
118935321|2
1052773168|1
1079567569|1
11674670x|1
118771930|1
127425993|1
127486801|1
128010614|1
13259935x|1
122533658|2
13573746x|2
118894617|1
122600894|2
1019762608|3
118766759|1
1017317844|1
117682675|1
1131829387|1
133521508|1
1020078057|1
119099179|1
1053285094|1
118513745|3
1029533709|1
135935237|4
118848399|2
122191447|2
116916699|2
118635387|1
118700421|1
11878286x|2
117454184|2
124299458|3
12352363x|5
11867207x|1
118506471|15
1053580444|1
118747789|1
119381419|2
118993631|1
118714724|10
1080507892|1
1050805860|1
117354023|2
14087173x|1
107108075x|1
1052773389|1
1089323549|1
118720856|3
122593294|1
119484447|3
102350779x|2
121997812|1
129666076|1
142896276|1
142966231|2
128833947|1
11852786x|50
118791001|1
117407186|2
136131921|1
122283058|1
118501364|1
11879714x|2
118516906|1
126261059|1
121584097|1
1051423279|2
10005823x|1
1067271864|1
1076985386|1
1104967790|2
116047410|1
116975911|1
116165367|5
118815571|3
124787614|3
102488401|4
117603155|1
11862167x|1
118544373|1
118615688|1
1089543387|1
118687867|1
1049966058|3
1104523655|1
1089438893|1
136490247|1
117532827|1
140298886|1
1023388618|1
1023696908|1
118531948|3
118764470|1
118544268|1
117224189|1
119242427|1
11852464x|1
118549421|1
129302481|1
1122510462|1
138829217|3
119108542|1
118682431|5
118516469|6
10212809x|1
1030374457|1
1049453964|1
1072152932|1
118741292|1
12801539x|1
1077458940|1
1019728078|3
118638599|2
118738755|1
1090248393|1
131690949|1
118748440|2
133325709|1
1043465782|1
118634887|2
117701181|1
118658565|3
11604117x|1
1053582757|1
1052053300|1
118910906|1
117146080|4
136279023|2
118647377|1
116774290|2
130470139|1
117457132|1
115996629x|1
103213609x|1
119372193|4
122636546|1
119135965|1
1119760097|1
143205935|2
1050681215|2
110352111x|1
1104513870|1
117151491|2
138054231|2
104761586x|1
118821628|1
119504227|2
1075814170|2
118672231|4
123025958|1
1020942797|1
1117146367|1
118687026|1
118773321|2
119193469|1
102496323|1
135935326|1
1052445063|1
102122863x|1
123792886|1
1126441031|1
11857308x|1
104270608|1
1156037077|1
115381473|1
126826978|1
140013377|1
118513648|1
1044026766|1
1070600997|1
118785354|1
122334175|3
122979958|2
10406689x|1
118616803|1
131579762|2
139175261|1
119212722|1
11738237x|1
118837559|53
118605348|1
1051615623|1
116494352|1
118589717|2
118612158|2
118805851|2
1068475390|1
1052446191|1
1099728657|1
118641328|11
121998630|1
136937616|1
120602016|1
124538401|2
117245003|1
1089428812|1
117166111|1
1077875312|1
136664733|5
1017997098|1
117721549|1
118512579|2
136436080|1
116978406|1
118672487|1
1049961013|1
1126126225|1
1019746572|1
1059088460|1
118623044|1
124162339|1
118686143|1
1058355481|2
117683353|2
117396559|1
1089451334|1
132100193|1
1053647603|1
124129625|2
118605313|7
133799301|1
120379260|1
1051642809|1
118893025|2
1115746170|1
1012301265|1
1089676131|1
1012178390|1
135718910|2
104075953|1
116205849|2
1105496694|1
124304311|1
12896717x|1
117448877|1
117315737|1
104197102|1
118633600|2
139105697|2
115719490|1
13708384x|1
102199175|1
120447827|2
1044608471|2
119664704|2
1011911280|1
1024555135|1
117004618|1
1069171913|1
11760318x|2
118799428|2
119048957|4
139806660|1
118910922|1
1049807685|1
118503340|1
116331674|1
118656503|4
1067343911|1
115750010|1
119400839|2
1052420656|1
118640089|1
1037210328|1
118801066|1
123551056|1
1059632799|1
118635808|1
1047590379|1
119020882|4
118975722|1
104199814|6
118533649|2
11864095x|2
118716891|3
118723871|2
118726633|1
118822659|1
118828495|1
119296411|5
120125897|2
116477601|1
116916583|3
100216447|1
1052817343|1
1089461879|2
1054440506|1
104161884|1
118536524|1
120293382|1
1064864619|1
137504683|1
118620134|1
106814582x|1
117326798|1
121573516|2
107206586x|1
118943936|4
1051650534|1
11876134x|1
123510813|1
1077840209|1
119242443|9
117129852|1
13755995x|1
1017179565|1
1076086322|1
11718991x|1
1019549440|1
1049454308|1
1067539409|1
1047615878|1
1046593226|1
119403552|1
118735365|2
129589675|1
1140166182|1
1072170817|3
1027984584|1
11750324x|1
1051586453|1
1071011928|1
118628569|1
1045175498|1
1053648405|1
1089387865|1
1052396704|1
118634615|7
1074197526|1
13602887x|1
1076343171|1
118674838|6
133316602|1
118767402|1
11862220x|2
1052830889|1
100294871|3
137946309|2
11851993x|1
120345617|2
129693774|1
123624770|1
119022222|1
129283282|1
116010991|5
1019757809|1
1078906599|1
118703455|2
118509756|1
118569767|2
118863746|3
118900293|1
104242949|1
1031688080|1
11776289x|2
128978074|1
119315238|1
118744526|1
1049272889|1
118597213|1
1020309164|1
116966351|1
172305403|1
1076481698|1
119442930|1
117194751|1
138470294|2
118675303|2
118795082|1
1067746153|1
118958410|1
139984607|2
118666061|1
116319577|3
117100285|1
130206369|1
117534641|1
128918268|1
127935037|1
118518836|2
118681826|1
118789899|1
1116587246|1
1053722575|1
129832936|1
118780735|1
123057531|1
118833375|1
1054261253|1
118631977|3
13436547x|1
118613480|1
121647579|1
116209917|1
118529153|1
118686704|3
124375596|1
108945161x|1
116850299|1
1049941780|1
1017478732|1
117349356|1
118548182|1
116371838|1
118622102|1
138550158|1
136469558|1
141548797|1
1045412023|1
1048540227|1
116670533|1
1050535812|1
11871693x|1
107570815x|1
118590782|2
1065905122|1
118672800|2
118600265|1
139263098|1
1024616681|1
116274662|2
1089168861|1
122650077|1
137947216|1
1075684986|1
1120052092|1
100823432|1
119184753|1
143961764|1
119240106|1
142664995|1
118647318|1
115417680|1
124404111|1
1052422853|1
1076420001|1
117229202|2
1068800445|1
117500518|2
118173650|1
118702742|3
119421763|1
119551128|1
120686899|1
137697759|1
100171109|1
1088821766|1
119118408|3
144000946|1
1081398493|1
124540104|1
1049227182|1
119359138|1
118643169|1
1051587875|1
117170755|1
1067344101|1
123076285|1
102323887|1
1055177469|1
116604603|1
131990330|16
133250660|1
105392125x|1
116138386|1
137908210|1
118621769|1
11674183x|1
118548190|1
127699066|1
126761825|1
1046592335|1
1159651965|1
118684175|1
1044622148|1
13589395x|1
133456676|1
117413054|1
118583719|1
119399172|1
119069865|1
1068602163|1
128318937|1
1051615925|1
118768654|1
118771175|3
118527878|1
118532502|4
119262312|1
118614193|1
118619993|1
118764411|1
118797158|2
119195380|2
119392895|1
143562363|1
143562665|1
118774530|2
118519891|2
100029752|1
118613898|2
118535714|1
118654829|1
121675777|1
1089371446|1
118571850|1
118613553|1
120912619|1
12320660x|2
12905769x|1
119093049|4
100863892|3
129420298|4
100031900|2
124902189|2
102358710|2
118795759|1
118704249|1
133664473|1
118754815|1
116725427|1
11895623x|1
118665200|2
12433394x|1
1019764929|1
124346006|1
118869051|1
116974338|2
124290256|1
13770710x|1
11710468x|2
118591975|2
1019751223|1
118610430|2
118787748|1
1203985533|2
133803651|3
118990675|1
1207887552|1
1199649074|1
1199657336|1
133246744|1
1199659215|1
1199657743|1
136317413|1
118694170|1
1199646156|1
1019759534|1
13619804x|1
124692389|1
119148463|1
1199661562|1
118764551|1
119208849|2
117433853|1
136043089|2
13671465x|1
119193833|1
1023888106|1
1198291389|1
1198336978|2
1198388358|1
1198389532|2
137431910|1
1198387041|1
1198390565|2
119472236|1
1198390379|1
1198340681|1
1199626554|1
1072863693|1
100745628|1
133613968|1
118738712|6
1199640697|2
1199622419|1
1199628026|1
1199643386|1
1199642983|1
1205347666|1
118730983|1
130571466|1
136187250|1
118834665|2
128684496|1
116009950|1
104315040|2
124101755|1
1019725966|1
118644289|3
131648861|1
118880225|1
118501763|1
116284560|1
172884144|1
119086395|1
1019727179|1
124322026|1
189572957|2
12734327x|1
116286857|1
119395290|1
116288329|1
117254991|1
118648365|2
135708524|1
100010423|1
115498036|2
116294647|4
117190012|1
103093273|1
118648594|2
1014873398|2
116012366|2
100758541|1
118502883|3
116309652|2
142766437|2
116309695|4
117660736|1
119051796|2
173202136|1
118834487|5
118980955|1
120387794|3
131992287|1
122296613|1
118847767|2
122834232|1
124020682|1
1019726911|1
12068859x|2
11865005x|1
119049392|1
11864582x|1
118893300|2
118504118|2
141906308|1
116412364|1
1029586799|1
118864297|1
11894519x|2
118671383|1
118591649|1
138679819|2
118743163|1
118736515|2
104315083|1
119427672|1
118602330|1
12970928x|1
118907883|1
1071415557|1
129691356|1
1016270526|1
124407374|1
1207885118|1
118810987|1
118779141|1
1089926553|1
133872181|1
1151065846|1
118880632|1
118716425|1
136343716|1
116082062|1
104276231|1
118508210|46
124290035|4
116082224|15
132831767|16
118825119|5
139756752|2
1079664556|1
1089282702|1
1115092707|1
118509810|6
11855896x|2
118565222|1
118593331|1
118602497|1
118622110|9
118637649|3
118886673|1
119061910|1
119241684|3
123394481|1
124659187|4
140810412|1
118840266|9
118687476|3
118692097|11
118515055|2
118798634|3
120162520|9
118556703|84
133577694|7
119351463|16
118575503|2
118596756|10
118562398|3
131717715|3
131717731|3
117103594|1
124103235|3
118737554|4
122176707|1
118623567|2
119014882|1
118768344|3
118714732|3
118652184|17
129536229|17
129536245|17
11867384x|4
117666424|3
11938759x|1
119507706|5
100951708|5
118638963|2
118629492|1
118829149|1
118614037|17
118638785|2
118719866|19
118919601|9
128802804|1
118781529|1
118522140|2
119031450|2
1124168540|4
11904627x|36
1215046766|46
101975950x|1
118924850|4
1019728418|1
101974409x|1
118713337|5
129724106|8
119060760|43
118666479|7
119234238|1
116848715|1
119225859|1
118508202|3
1194266827|1
118549847|2
119067692|6
133671801|1
1022009656|1
118941429|1
119388707|1
13384045x|3
116580968|1
11859723x|5
1037338839|1
116000716|1
116423544|4
116461268|1
116697946|1
116711760|1
118744046|2
122065425|1
131388983|3
118612336|3
129615552|3
118739093|1
129364940|10
116775491|1
135905389|1
11862184x|3
118548778|3
1245955136|2
129402729|1
124806295|1
126885869|1
122998928|2
119520761|13
1159077150|3
118893017|4
137825757|1
118542303|1
118997726|1
11630894x|1
118618253|1
118626442|1
12122743x|1
124096484|1
118563181|2
1089295367|1
118664727|1
118822195|17
118759019|19
120996650|3
11897386x|1
118973886|1
119240416|4
118541870|4
118631632|1
118780751|2
118800574|14
133368017|1
144008610|2
118720961|4
117271977|1
118508288|4
1019748141|1
119202662|2
119286564|1
118560328|1
11903588x|6
119156571|2
119032082|3
119372134|3
119484129|1
1017075123|4
118720449|7
118643347|3
11907978x|1
119071584|3
11884041x|1
133002977|2
119015056|1
117292788|1
118502891|16
11874786x|1
122162315|1
118601652|5
118577336|1
119454874|3
118623028|16
124000452|1
118562746|17
118539477|3
118983342|1
123524237|1
119165287|1
118555650|1
118897292|2
118637657|2
118647229|2
118588001|29
189557192|6
118734962|3
119210517|1
118731726|1
118740504|2
104242361|1
11954587x|1
118911546|2
122475127|3
118555642|3
118513257|1
118518429|1
11850987x|4
118756958|2
118531018|2
118836870|5
119006561|2
118652559|1
1019103213|2
11893337x|4
118872583|1
118652079|6
118947397|4
118503081|3
118578618|1
118505238|1
118901664|2
102421064|2
128688483|1
100936032|1
11878627x|1
118797476|1
118553437|1
122695712|4
118638696|1
118792741|1
118594702|1
119232111|1
118805304|11
118751263|10
119121344|1
11861777x|1
118716069|2
1141238829|3
118712489|1
118580515|2
119510448|3
13719451x|1
118746618|1
116178655|2
117145815|2
118504517|1
118528068|2
118836897|10
118555723|7
118927094|6
118572695|1
119497980|1
118682040|5
1033685380|2
116132809|1
118510762|1
118782193|3
127883649|1
119309378|1
118995219|1
118973061|1
119070731|5
118897551|3
11852853x|2
116680784|1
117484423|1
11855249x|1
116436921|5
118710893|1
118535021|3
118535757|2
118538446|1
118800582|1
11851122x|3
118577778|2
118586467|6
122641213|1
118594729|1
11907074x|1
102675030x|1
116613351|1
117145173|1
118890867|1
118834339|1
117733490|1
118529927|5
118679740|3
1081684143|1
116147903|1
1058925989|1
1173831398|2
1063011477|1
1083806696|2
11737654x|1
11721292x|3
1046471252|1
14225861x|1
118587773|3
118802828|1
11863979x|1
118678531|2
132366509|6
119416638|1
1018194355|1
118534947|2
118592068|2
11878630x|2
118565672|2
131506668|2
129702978|2
118501127|1
119362511|1
118668110|1
118610465|1
1123048533|1
118707205|2
118649752|1
118793993|1
118978136|1
119423863|2
118766406|1
119074206|1
103737374x|1
119255073|1
1070111503|1
118747525|1
132466333|1
118749617|2
119019620|2
119383012|2
100143695|1
11628286x|1
116507160|1
117140716|2
118697781|1
119055988|1
120912767|2
122641124|4
118538918|6
118751166|3
118539086|2
118794604|1
137856563|4
118602381|1
118647504|4
1169457703|1
131786709|2
118689231|1
119216388|2
118702424|3
131522639|1
11693526x|1
116912634|1
12353495x|2
1035136570|1
1052874177|1
119416646|3
138182434|1
118725440|1
1042017751|1
116935383|2
118798030|1
119241404|1
135714893|1
118685163|1
102403503|1
117207756|1
118522450|1
116294310|1
118502646|1
118648195|1
131400703|1
118531409|3
118614797|3
124025080|1
11893208x|7
119550989|1
118549413|7
118842978|1
1054945144|3
11866316x|2
11902313x|1
1204097186|1
118789430|1
122495004|1
121619931|1
1019741988|1
1025686489|1
115745866|1
118743228|1
116648414|1
117213179|1
119233460|2
1075059364|1
116322918|1
118779869|1
118775391|1
118707736|2
116326859|1
11854019x|3
1193616875|2
132237946|1
118811169|1
13818688x|1
137575823|1
118513249|1
118684396|13
124278485|12
118769111|5
118633058|2
118791605|1
118543768|3
1193435668|1
11874402x|2
1012486699|1
133223787|1
118852493|1
118526200|2
124501546x|1
116367172|1
118515500|1
114430704x|4
116460210|2
122215877|3
118535781|3
118713892|1
118547488|1
118588494|1
118761544|1
133153363|2
119339706|1
127229272|1
119311704|1
118548018|3
116215410|1
118511343|1
118967592|1
117314684|1
1012566412|1
1128095335|1
116701145|1
135549426|1
118728261|1
118709852|4
143944428|1
116779608|1
1124174133|1
119146487|2
119035146|1
1140255193|1
116326174|1
1036792072|1
130085340|1
118590758|1
133801772|1
118577662|1
118617273|1
118507176|4
1122651937|1
1050485882|1
118968580|1
1016391153|1
119020602|4
11861214x|2
118516477|1
118609947|1
118838881|1
116906987|1
11862850x|1
1122654162|1
119534355|3
117400173|1
11859074x|1
1031540156|2
132573881|1
118825283|2
118645676|7
119310813|1
118504509|2
1073606619|1
118901419|1
118649485|2
132717859|2
118655108|1
116715847|2
117230022|1
118627279|2
117623741|1
118637797|1
117255750|1
118622501|1
118619918|1
119072009|1
118519034|1
122786637|1
123159067|1
118554131|1
118632973|1
119486849|1
118808443|3
128689145|1
129809918|1
118732145|2
142403296|1
135980097|1
119524767|1
119305836|2
11856207x|1
118538748|1
118679759|2
118683993|1
124162975|1
118639854|1
138708606|1
116895527|3
118892819|1
118712411|4
1029620938|1
1019725354|1
11610855x|1
117265381|1
117730378|1
120997614|1
119175126|1
118551124|2
131855654|1
117679798|1
116701293|2
119041294|1
119346745|1
118802739|1
119275287|1
1110996020|1
134104293|1
142314544|1
131406035|1
131406094|1
1124169148|2
120896532|2
118677691|1
119153416|1
119272806|1
1187538841|2
119555700|4
124104428|3
118765671|1
119053101|1
118640011|1
105871158x|1
1128100452|1
124332773|1
118679651|1
120030829|3
118653636|6
118742132|6
128613629|6
118579703|2
11872942x|3
1011850419|1
119021048|1
1017396930|1
118829564|14
13157969x|2
118675435|1
124554407|1
136757898|3
124874576|1
118625578|1
119353008|3
118736361|11
120339994|1
122380088|3
119150263|1
118565796|2
118787756|1
118776916|1
118637606|4
118529897|1
118560085|1
118580647|1
117117935|3
118633384|1
118667041|1
129424021|1
118650718|1
189731109|2
159835984|1
118545655|1
118765361|1
118880101|1
127877045|1
128660171|1
1019762551|1
119151197|1
118729438|1
118639439|2
118522159|1
119469057|1
11752011x|1
118804316|2
11863707x|1
118503529|1
132131110|1
104071702|1
118641786|2
118638955|1
132231042|1
11857776x|1
140252150|1
118798057|1
118577018|1
118618768|1
118715372|1
118768662|1
116005912|1
130368741|1
121519112|1
1033787590|1
132380633|1
118791680|1
118983504|1
118530941|2
118649973|2
118763288|1
118800353|1
118531557|2
118685376|2
118792199|2
118742752|1
118526693|1
118638688|1
119009129|1
114516093x|1
118659065|1
118807242|1
118572938|1
116572094|1
1016200390|1
118801597|1
118561723|1
179233572|1
118772589|1
118627112|1
125871163|1
119007754|2
119179318|1
118538810|1
116363231|1
119161060|1
118573330|2
1221202790|1
120755106|1
119610639|2
118557459|2
116014180|1
126091684|1
124700470|1
10044220x|1
116741538|1
100153860|1
104207205|1
118904043|1
117353051|1
119157411|1
7502882-7|1
121072274|1
129849197|1
129155373|1
104234644|1
116678909|1
118503472|1
11883732x|1
120040115|1
120270145|1
11704783x|1
103946489|1
117072265|1
122665104|1
118593862|2
142553026|1
118579436|1
124341799|1
118531611|1
1017152535|1
115361871|1
124587917|1
124843778|3
1156430828|1
119504707|2
119186640|2
120186497|1
1019758910|1
124351891|1
11869247x|1
118791141|1
124618855|1
117648329|1
119151804|1
11954931x|1
118692941|1
135648211|1
11867224x|1
11899610x|1
116693169|1
122587103|1
118590200|1
118891138|1
119133660|1
130099031|1
116689412|1
118557556|1
119490242|1
118638319|2
1120603269|2
118845748|1
118640356|1
119460114|1
118742167|1
118593943|1
118865838|1
100175333|1
132327686|1
118521713|1
118646699|1
104321350|1
1019741864|1
1023324342|1
124638708|1
1213492769|1
118504746|1
1198856815|1
102109117|1
1019745177|1
1026109531|1
118535730|1
118787519|1
118712284|1
1064777732|1
124326765|1
118686739|1
122545095|1
118521063|1
118787357|1
119780305|1
118605933|2
123168813|1
119535165|1
123258049|1
118597523|1
124944973|1
118796283|1
118519964|1
118671464|1
118513281|1
122427882|1
118876368|9
138071055|1
118729314|1
116227206|1
118538675|1
116216158|1
116501065|1
116804297|1
1329531418|1
116980834|1
119335131|1
118834746|2
118524461|1
128465409|2
118657437|2
118768441|1
117151858|1
129974285|1
101686234|1
116353635|1
118612409|3
117702587|1
1089668260|1
1089459971|4
13573438x|2
137821387|1
121067882|1
143419706|1
116162317|2
1059637979|1
116572167|1
104176679|1
1027986528|1
1051322618|1
1089391579|1
1048060209|1
121384136|1
11865330x|1
1089459904|1
1089459912|1
135964067|1
118573748|2
134173961|1
1020541040|1
143203363|1
118561529|1
118664174|2
1204031800|1
118547356|5
118730770|1
1020481471|1
116174641|1
136182119|1
103142479|1
118705245|2
118724347|1
137638728|1
116422157|1
1204034354|1
117731692|2
136012086|1
137582668|2
132223333|2
1023675536|1
104187352|1
11903705x|1
121292576|1
1089323239|1
118805762|1
116430907|1
123759579|1
1019742984|1
132800772|1
119439751|1
118623141|1
10239962x|2
116394951|1
118544349|1
124986269|1
118744534|4
135944120|1
117235814|1
11876439x|1
121921522|1
1089411790|2
118535013|1
11900108x|1
139593993|1
1089411499|2
123052890|1
1032060670|1
104089512|3
118583387|1
118537229|1
118686577|1
121842681|1
116863498|2
118773534|1
116725990|1
116477881|1
1046850954|1
118632892|4
11868468x|1
118616374|1
118704931|1
129806285|1
118599976|2
118743368|1
139320318|1
116219033|1
122504852|1
118715100|1
118542192|1
118774611|1
117693405|2
118727648|1
122962060|1
116168862|1
118554654|1
138100640|1
143657992|1
131598627|1
138054088|7
142717002|1
1048589528|1
129611654|1
1031179305|1
103126309|1
118641972|1
123579414|1
13586805x|1
119139243|11
1089396597|1
142002453|1
118611089|1
118719289|1
120428512|1
129681954|1
118519700|1
1239081006|1
116653515|1
100978649|1
125828381|1
1011278642|1
143494643|1
1117247015|1
11942441x|1
129452572|1
1089449208|1
1089449887|1
1233914421|1
1043672370|4
11864064x|1
137729723|1
126401152|1
133771261|2
119390167|1
100072011|1
102470855|1
118507184|2
118599755|1
118776762|1
119457350|1
142758620|1
115748526x|1
122233433|1
118518488|1
118736973|1
118842447|1
1058423827|1
13626347x|1
1012295435|1
121833933|1
124066755|1
1147239215|1
118801732|1
131951416|1
131433008|1
118937065|2
119492105|1
13049593x|4
118769715|1
1012367584|1
118775979|1
118639242|1
124521940|1
118638521|1
1221563165|1
118788159|1
119352540|10
118750410|3
119515016|3
10211112x|4
136291155|2
118535722|3
118693514|2
118703277|1
117509957|1
1044281146|1
117400246|1
118748181|3
116573732|1
1222470020|1
116879815|1
129365785|1
121225542|1
11668514x|1
107746147x|1
1034699962|1
121214418x|1
1179851625|1
118739638|1
116575956|1
118870645|3
118687859|1
118614940|1
118594532|8
1020247975|1
128276258|1
118527053|3
118690922|1
118782851|1
1015422322|1
118542656|1
117636312|1
133280748|1
11680856x|1
135718929|1
1033081477|2
118660829|1
1012415643|2
1019357770|2
1185596445|2
129595195|2
138655774|2
12003557x|2
118723278|3
116835818|1
118723049|2
119024284|1
118755234|1
118795090|1
1134990065|1
119006693|2
11738285x|1
118644181|1
121830675|1
119213567|1
118537431|1
140124012|2
1131733401|4
1019741317|4
1029394407|1
118664417|1
119260301|1
118769529|1
1037098315|1
118693522|25
130460044|1
100659373|12
129361720|106
118697080|1
1233239988|1
118571508|1
11902327x|1
11877638x|2
119091364|3
1050548744|1
102753792|568
11662499x|1
116985801|1
118501089|8
117333034|1
116991534|1
119211637|1
116689781|3
122673409|1
138431183|1
130259438|1
119485702|1
116759135|1
124800173|1
124804620x|1
100375987|1
118064703|1
119407744|1
118903217|1
118837664|3
118731890|1
118731998|1
117546070|1
124394302|1
116687797|1
121196429|1
124021085|1
100857825|1
123138361|1
100307671|1
124364837|1
119506858|2
141101458|1
119120984|1
1019508590|1
118580973|1
141722274|1
11802275x|1
100309038|1
118783580|2
117559245|1
117568368|1
117016683|1
115428364|1
118880721|1
118783726|1
115691901|1
118528106|3
120258250|1
118583670|1
124167586|1
121384969|1
12391132x|1
118974408|1
117187828|1
11948370x|5
100868363|1
1012290565|3
118747622|1
116880481|1
11690156x|1
118704281|1
132592320|1
122988426|3
117078573|1
124439047|1
11893094x|1
119413280|1
118869361|1
122632605|1
104196858|1
124891578|1
118736213|1
115793941|1
117135224|1
118590111|1
118822357|1
124502180|1
119133385|1
130296163|1
118591371|3
116023961|2
129181218|1
1023579103|1
116046805|1
118790129|1
1019728620|1
1019745541|1
124975712|1
1019743859|1
134227085|1
131553429|1
116142367|1
118593595|1
100522688|1
122760441|1
130866210|1
1021754811|1
116177314|1
1032933283|1
1019744065|1
13206488x|1
11874268x|1
125826389|1
123502721|1
116192909|2
120995875|1
118792385|1
118726536|1
118776320|1
122436946|1
118595415|1
100321828|2
1033628905|1
104130385|1
130354864|1
119169002|1
119019752|1
1019743018|1
141205695|1
11872651x|1
119091852|1
120616041|1
104285745|1
100387608|1
118822713|1
129725102|1
118788183|1
118598988|1
115843647|1
104218975|1
130272361|1
116449926|1
118599224|1
116450223|2
118744658|2
100069983|1
118969420|1
100323367|1
11553668x|1
10263730x|1
1012175294|1
119106868|1
118749625|1
104318104|1
128417900|1
10311582x|1
116625724|1
118814206|1
116674148|1
122554523|1
115579117|1
136872115|2
119497662|1
100324797|1
115881654|2
116675551|1
116675314|1
118960563|1
1032981245|1
119411962|1
118729195|2
122330056|1
118938436|1
124376045|1
119114119|1
116777885|1
118794396|2
118751336|1
118794809|1
118804944|1
116974435|1
119238683|1
129407615|1
100181678|1
116698470|1
1034353810|1
129510238|1
103527129x|1
117113395|1
121722279|1
118606832|1
100332811|1
115772049|1
118795015|1
118607723|1
1031747362|1
118608339|1
124451772|1
136293905|1
118795163|1
12180335x|1
117499498|1
11875940x|1
104324201|1
1019750596|1
104138033|1
117514691|1
118759965|1
122057635|1
102490937|1
124429564|1
118610260|3
119298600|1
118795341|2
100045561|2
115753826|1
100265154|1
117646520|2
128518308|2
11876196x|1
104088281|1
101975138x|1
123562511|1
122871987|1
117647187|1
117647853|1
117316369|1
118515128|6
129678376|3
118611666|2
11736729x|1
115661069|1
119118807|1
117396427|1
117401722|1
118612433|2
14323515x|2
117474460|1
118613073|1
100887759|1
118611410|1
117471135|1
118764888|1
119006855|1
104364513|1
100408818|1
1031745440|1
10080831x|1
123472075|2
118805193|2
118614584|1
140650458|1
120519771|1
119091895|1
122995244|2
118616242|1
118616226|2
118752243|1
117486701|1
118798472|1
116497009|5
100340520|1
117246131|1
104211652|1
115886206|1
121257908|1
121010295|1
124615023|1
118615890|1
117265322|1
11944786x|1
11861911x|1
101681206x|1
100029973|2
118758055|1
118756087|4
116517735|5
118756095|1
118756109|1
118814834|2
117364177|1
116090154|2
100595626|1
1031774696|1
104079614|1
117247243|1
122300033|1
104126299|1
117300551|1
10413030x|2
123146100|2
118801937|1
119238098|2
117350257|1
132472643|1
118622277|1
118563696|1
118802143|1
1020172193|1
117628131|1
120530171|1
130569984|1
129758841|1
104288736|1
129280461|1
12905268x|1
121193047|1
116053437|1
117426024|1
117426075|1
118802968|1
118625063|1
134093879|1
108940641x|1
100680585|1
104270314|3
1032238011|1
118626167|1
117368369|1
118804286|2
117369454|1
123966833|1
1032237953|1
143831534|1
118627120|2
115553010|1
121999300|1
11890261x|1
104056231|1
120723727|1
124940765|1
124744346|1
121364976|1
117705756|1
116769882|1
119090198|2
117452106|1
118755498|1
118753665|1
118616099|1
117490911|1
117240494|1
122189558|1
124701531|1
117309451|1
104087455|1
119061082|1
12430494x|1
122097564|1
116728701|2
100702236|2
10097838x|1
117327573|1
1019757779|1
11757287x|1
131446452|1
1033253197|1
117120855|1
117116092|1
119059142|1
11875212x|1
138722633|1
117342882|1
1012210820|1
116897244|1
117336327|1
130392693|1
122781058|1
117423238|1
11739985x|1
117408662|1
123676290|1
121978877|1
118930567|1
117412899|1
122781783|1
124742335|1
117444154|2
100706460|1
122310160|1
117429732|2
100824714|4
121199630|1
1019756721|1
117376426|1
100712274|1
117007005|3
120478129|1
122782569|1
118808397|1
11877297x|1
117347957|1
100713629|1
122461223|1
118772120|1
11916227x|1
10413576x|1
118772295|1
116966831|1
117597295|1
117399965|1
117381055|1
123006848|2
116443618|1
104189738|1
100959768|1
115870334|1
118580558|10
117027219|2
118844784|13
118583174|2
118834509|3
116009942|1
118852655|6
118645056|1
118645838|1
118650386|1
102111014|1
118960636|1
11863819x|1
121699331|1
116456590|1
119534479|3
119009137|2
143050427|1
118829157|1
11867594x|1
116458593|1
118518704|1
119177323|1
118676504|1
116207701|1
116248084|1
118660470|1
104114010|1
118517287|1
11851685x|1
116046155|3
11716108x|1
129673056|1
118891804|1
130840025|1
116423102|1
124931812|3
117637459|1
118525697|1
116188235|1
116296283|1
119449749|1
116213728|1
124738265|1
118565273|2
118521330|1
124735320|1
100097502|1
118670646|1
118670182|1
118677446|1
10407440x|1
119453363|1
116685417|1
118871455|1
117291390|4
116595280|1
120210053|1
118518437|1
100063934|1
118549154|5
116860669|1
117187372|1
118661310|1
118501615|1
131349678|1
118691732|1
118531131|1
11864162x|1
117516937|1
116277084|1
118776770|1
11858412x|1
116678771|1
104314699|2
116743360|1
118782835|1
117214051|1
119006464|3
118579398|1
119313332|1
1031642196|1
101921632|1
118989987|1
120862042|1
117361259|1
116162449|1
118767461|1
117560111|1
118652125|1
11944237x|1
116058544|1
1032644249|1
115682066|1
118657666|1
101271196x|1
100031358|1
118655825|1
11616302x|1
117751235|1
118681524|1
11852870x|1
101026641|1
116652039|1
118682938|1
118529013|3
123361761|1
100099459|1
117346039|4
100793037|3
118532855|1
1012263193|1
128421967|2
1031983732|3
118703536|1
119338882|1
11885979x|1
11678881x|1
119096552|1
120040859|5
117088307|1
131376411|1
118738240|1
128920335|1
116053356|1
100536026|1
118596969|1
11624870x|1
116444541|1
116533277|1
141450061|1
100689590|1
118603329|1
116641797|1
118597051|7
116976780|1
11761937x|1
128574429|1
118560190|12
128559098|1
133623696|1
120970805|2
118627910|7
116901985|3
117098981|1
117422533|1
100832679|1
124542603|1
117304999|1
116370882|4
118560166|6
119502879|1
118757733|1
117216933|1
118639889|2
118500104|2
122734076|1
121514935|1
118642960|1
118911333|1
118805746|1
118883747|1
1035035561|2
117490652|1
128480734|1
115535462|1
115367918|2
119025426|1
118539841|1
118695568|1
118718835|1
116772204|1
121485641|1
119332108|2
116473614|1
116651326|1
118663526|1
12282492x|1
116905255|1
116953691|1
118556436|3
100110614|1
118778536|2
118572741|1
117075744|1
118573349|3
119002043|2
118575538|1
118547453|2
11872939x|1
118787942|2
117166723|1
120067110|1
119047918|1
11863075x|3
102642885|1
118603205|1
101019343|1
119473739|1
116142413|1
120040050|1
102440174|2
115553487|1
118529935|4
100705235|1
118634895|6
118742221|3
1018113991|1
118144588|1
118795155|7
118720953|4
124331025|5
118560115|1
121583287|1
119531720|2
119497875|1
100127010|2
118579428|1
118542257|2
118542265|1
101416016|1
1018341846|1
102285020|1
100089003|1
11903090x|1
120636123|1
118614215|1
11944755x|1
118965123|3
115649735|1
118693484|1
118727664|1
118720945|1
122987349|1
115502572|1
122820096|1
119389118|1
118617818|1
116852976|1
117617628|1
118697404|1
119387980|3
12246883x|1
118535633|1
137980531|1
101071515|3
104201401|1
119241544|1
129818046|1
119371421|3
116080116|1
117153427|1
116175516|1
118533401|1
116912154|1
116167157|1
117011002|2
118760289|4
118551655|2
119264536|1
117691666|1
116689358|1
116655372|2
121778339|1
122483731|1
135729319|1
123479851|2
118507230|2
119272334|1
119059517|1
116143258|2
11888395x|5
118685066|1
118685767|4
118693077|4
116750146|4
118941232|3
116465980|3
118621874|6
118800132|2
116587784|4
119804352|1
122479807|1
10056495x|3
100154042|2
118867733|4
11871984x|2
116879602|1
128978678|2
119393697|5
13620161x|1
139481249|1
115672060|4
118735675|1
189489510|1
123041856|2
118639595|2
119051745|1
119223236|1
1032168706|1
118557750|1
117614998|1
100750389|1
1019747501|1
100375235|1
118734784|1
118587722|1
122883578|1
116049839|1
116165332|1
100383300|1
116856335|1
116959886|1
116995785|1
122030060|1
117437638|1
104073926|1
117222054|1
11850178x|1
133349977|1
11631012x|1
116312610|1
116342579|1
116349697|1
116281855|1
116377674|1
11850553x|1
116043024|1
121143252|1
121191354|1
140316345|1
116113847|1
116105666|1
118510185|1
116352086|1
118939580|1
118658638|1
118668005|1
102436975|1
119025701|1
117608750|1
118512617|2
118509926|1
116146761|1
116208503|1
116224878|1
119257068|1
118512749|3
116248130|1
117621455|1
122061446|1
104323523|1
11943170x|1
116304324|1
116252898|1
116231742|1
116516836|1
117587214|1
100059570|4
118725785|1
119209136|2
117638765|1
117700193|1
136793517|1
118516868|1
118514474|1
118625225|2
118517252|1
119003554|1
131778293|1
104327952|1
118518569|3
118518208|1
118517104|1
118664638|1
118666754|1
11643290x|1
119083493|1
121711889|1
118668234|1
124517307|1
118667246|1
116456248|1
137848439|1
118520237|1
100081673|1
104333561|1
118521098|1
119150867|1
119138883|1
119148250|1
118521977|1
118647989|1
117698326|1
1011545470|1
116543698|1
11852240x|1
128553235|1
119180049|1
115736271|1
103159207|1
116758058|1
118911031|1
100873782|1
100093876|1
118522027|1
100093671|1
116725346|1
118522841|1
118985957|1
138956227|1
116025883|1
119110598|1
124707173|1
100101844|1
11965301x|1
117696358|1
118524658|1
128350326|1
11935523x|1
116152990|1
121800059|1
123117631|1
124563252|1
11617997x|1
135718694|1
119183471|1
118681508|1
115497811|1
116346329|1
116100028|1
118532340|1
119493705|1
116459301|1
129267880|1
10404389x|1
116017562|1
100732305|1
1031972536|1
104285885|1
100122191|1
116489286|2
119477661|1
118810936|1
116488581|1
118687239|1
118702920|1
118691449|1
1018180788|1
118971328|1
10012254x|1
117519294|1
120750643|1
100804500|1
118534416|1
118534432|1
123714141|1
128542004|1
116568674|1
116584408|1
124394450|1
118534688|1
118692674|2
117536563|1
120197812|1
11537762x|1
142955434|1
1031911677|1
119046806|1
121803538|1
118536095|1
116774258|1
119285452|2
118847635|1
129921211|1
116873655|1
119663805|1
136450571|1
118689150|3
120219522|1
118689339|1
116005904|1
116450274|1
136375464|1
118690655|1
116473096|1
117530476|1
116542675|1
130096563|1
1033864455|1
118538624|1
10028759x|1
118967681|1
10086080x|1
118694316|1
104255072|1
120474484|1
100150853|1
116700734|1
118540386|1
116654406|1
129181129|1
118964925|1
119455447|2
1031775102|1
11869670x|1
118974041|1
100492355|1
140977333|1
11950202x|1
122499689|1
11755345x|1
130118176|1
100156991|1
100868401|1
100872328|1
119301008|1
118697641|1
104286342|2
11641345x|1
116887044|1
118542702|2
119019906|1
118542907|1
129785636|1
138378479|1
1019730285|1
116912731|1
116926635|1
12870814x|1
116348763|1
119117983|1
100147186|1
102535213|1
116369922|1
1017937133|1
116362197|1
119531224|1
118544861|1
100153747|1
119152711|1
118773348|1
1033867527|1
115643494|1
11651857x|1
116476508|1
128812850|1
116461527|1
118547615|2
116562919|1
101150443x|1
123619661|1
118773607|1
11854568x|1
115691928|1
116659572|1
100975321|1
104280891|1
115640061|1
124493157|1
11854943x|1
118549235|1
119271575|1
118884441|1
1017826110|1
100166393|1
118549553|1
118068156|1
115387056|1
118531514|1
119028123|1
123072190|1
116782951|1
119710935|1
121162346|1
104111801|1
119711478|1
119066327|1
119094479|2
119521431|1
118704338|1
100358543|2
116973692|1
100358616|1
116928298|1
139758313|1
12907313x|1
118532464|1
118688294|1
122263006|1
117539252|1
119019892|1
100867022|1
104317914|1
117546674|1
100295886|1
118554514|2
115849467|1
115468277|1
118555146|1
118950037|1
117038059|1
119011395|1
118711962|1
100363105|1
118712926|1
131894188|1
136812473|1
116542403|1
117182966|1
117205508|1
117136638|1
118556622|1
116013702|1
10036666x|1
118714570|2
116061375|1
118561448|1
122950054|1
121331652|1
104160551|1
1012921123|1
118562347|2
100302556|1
143985256|1
116182792|1
116228407|1
116211148|1
1017106940|1
120424673|1
118777300|1
116240210|1
123628490|1
118777432|1
10003876x|1
118723367|1
116258764|1
116262877|1
11872424x|1
116276908|1
118777572|1
116294779|1
1035399954|1
104333316|1
118567020|1
118725920|1
118966243|1
143341847|1
119474565|1
118670972|2
11757502x|1
104057378|1
116295856|1
104086475|1
1036917274|1
102895848|1
100299962|1
1033481807|1
118726781|1
116877537|1
11685023x|1
118726676|1
1031952225|1
1032729295|1
116958561|1
124869084|1
100867367|1
100190359|1
126630305|1
117006181|1
128651431|1
100190928|1
124002501|1
100869459|1
117032107|1
117026212|1
100368867|1
11857342x|1
119008017|1
117162701|1
1034566849|1
1035270781|1
117683124|1
118817167|2
11952452x|3
104268301|1
10086984x|2
100171842|1
11728193x|1
104268336|1
129021962|1
117636290|1
139149600|1
116462485|1
122968468|1
119059428|1
100796923|1
100280560|1
111000092|1
118831208|1
117180173|1
121175855|1
11851640x|1
116775718|1
12175376x|1
116132485|1
118514237|1
116081635|1
11612363x|1
118509187|1
11949096x|1
118644394|1
117387681|1
117384224|1
122002717|1
121037622|1
118586939|1
104189525|1
117090565|1
104104236|1
124358748|1
116870761|1
116988401|1
118731696|1
1205571329|1
129211648|1
123620260|1
102834202|1
118696602|1
13575268x|1
118785109|1
118671510|1
118643401|16
119032619|1
11873492x|3
118690469|2
118891189|2
137335024|1
1097613682|1
119031655|1
116368802|1
118895400|1
1024142663|2
117621323|1
1362763535|1
123471672|2
118520776|2
118709771|2
118794256|3
1286512166|1
119281597|1
118852566|2
123617286|1
1056164301|1
118716263|1
118517848|1
119185474|1
117586072|1
118718312|1
1303032236|1
117688983|1
119106523|1
140617833|1
130304899x|1
1070104248|1
112515635x|1
118784943|1
1028558945|1
118519131|1
118536478|1
1303053349|1
1303036347|1
116274646|1
118670387|1
1202803881|1
118766627|1
1303058480|1
1075873622|1
113947684x|1
137201885|1
117639699|1
118695207|3
121495442|1
1303038773|1
11719171x|1
1037099060|1
117743097|1
119404354|1
117086630|1
117629499|1
118572105|1
1303043920|1
106940831x|1
117692328|1
119053306|1
134069161|1
1075874165|1
1302597469|1
104073780|1
118852396|1
119092026|1
1054409404|1
119173425|1
118513419|1
1075874394|1
116001364|1
118638432|1
118621327|1
118637681|1
115695427|1
119260506|1
1303063026|1
1135575495|1
11916129x|1
1075874521|1
1057585084|1
118652621|1
1031218408|1
118586475|1
119456605|2
1019962593|1
11865974x|1
105135482x|1
11858331x|1
118585967|1
118646133|1
119484943|1
1048302687|1
115567038|1
1053303475|1
119506351|3
118572768|2
118665847|1
133437280|1
133784827|1
116788070|2
116975601|2
118550071|4
118657526|1
118728180|4
133201201|1
133613615|1
1074219619|1
118640208|1
11858913x|1
116057866|1
116266929|1
118697587|1
118644270|2
118776231|1
116039086|1
116530707|1
118507893|2
118600400|1
118799274|1
123440041|1
118676407|6
124758533|1
118804545|4
132765853|1
11853100x|1
118684078|3
118529706|1
11857275x|2
116376961|1
117630373|1
118770209|1
118517023|1
118781138|1
135543878|1
119230194|2
118706314|3
118543466|1
118983776|1
189549254|2
118792652|2
118528955|1
118573675|1
118574841|1
1069968919|1
117497819|1
117648035|1
11871192x|1
120125447|1
119107252|1
116014512|1
129184659|1
133248372|1
133613658|1
1354542258|1
118641352|1
118880195|1
119291592|1
119503980|1
116791764|1
118592300|1
118655442|1
119527359|1
118804146|1
118523880|1
126649014|1
119346397|1
117683221|1
118527460|1
118790811|1
117259608|1
1299515886|1
