#FORMAT: BEACON
#PREFIX: https://d-nb.info/gnd/
#TARGET: https://datenbank.museum-kassel.de/?gnd-p={ID}
#FEED: https://datenbank.museum-kassel.de/gnd-p.txt
#INSTITUTION: Museumslandschaft Hessen Kassel (MHK)
100000649
10000590X
100008542
100010113
100013376
100014704
100015999
100017495
100024483
100027970
100029752
100041558
100046797
100050565
100055273
10006096X
100065252
100069924
100076262
100081746
100085725
100090249
100092098
100092624
100098355
100104401
100107907
100108431
100122434
100122973
100130186
100148743
100154042
100155812
100173195
100175333
10018264X
100194109
100197035
100198376
100205291
100207081
100214177
100225411
100229441
100235441
100238750
100239145
100248071
100249582
100258077
100265154
100265901
100270565
100278736
100285627
100295622
100295886
10029717X
10030673X
100310923
100313477
100316247
100318169
100318347
100321828
100327710
100338070
100339832
100343589
100347320
100349137
100364853
100389856
10040040X
100413404
100413528
100437338
10044220X
100442234
100443567
100443907
100454372
100455840
100457983
10047215X
100472710
10047604X
100480500
100490425
10049773X
100504426
100511546
10053595X
100547818
100563880
100591604
100599672
100613195
100626734
100634532
100636160
100636209
100655378
100675735
100685714
100692478
100705871
100709966
100718337
100730019
100736416
100744753
100744869
100745628
100755089
10079246-7
100795617
100804500
100811833
100811957
100816207
100823149
100850170
100858457
100864708
10086984X
100893805
10091728-8
100936296
100938582
100940110
100940439
100943101
100946593
100952127
100952186
100952526
100955495
100955835
100960529
100971784
100972551
100973698
101019343
101026641
101037155
101052677
101052871
101053037
101053800
101054491
10105548-1
101056583
101063024
10107588X
101076983
101081715
101093713
101094108
101102887
101102917
101103905
1011157233
1011277433
1011394944
1011397501
1011425661
1011425890
1011432501
1011438984
1011439999
1011449528
1011451050
1011483947
1011520583
1011544970
1011545292
1011603721
1011659557
101169364X
101170238X
1011811340
1011829029
101183068X
1011847108
1011850419
1011886286
1011972093
101204663X
101206003
101211376
1012266559
1012271773
101227408X
1012278735
1012282872
1012284255
1012301176
1012318753
1012374831
1012385574
1012393682
101248571
1012522571
1012523381
1012538486
1012581799
1012618994
1012647021
1012656993
1012704386
1012767205
1012770850
1012776239
1012976459
101300239
1013008685
101314337
1013149645
10131657-4
101329355X
1013293711
101331169
101335740X
1013371127
1013447859
1013609514
101363184
101366221
1013682777
101368639X
1013729366
1013979001
1014003024
1014191688
101421796
101423004
101423209
101429088
1014363500
1014399122
1014423724
101449674
1014513413
1014527295
101453089X
101453124
1014564441
101459734
1014636493
1014809509
1014832837
101488971
101490119
1014997968
101508298
101508727
101510116X
10151115-2
1015212522
1015287913
10152949-1
10152950-8
1015325521
1015384447
10154652-X
1015469086
10155464-3
10155976-8
1015610269
1015887120
1015991769
1015991920
101601581X
1016085893
1016153341
1016162243
1016216041
10162720-8
1016431147
101656354X
1016747438
101681206X
10168945-7
1016972369
1017050104
1017076367
1017139512
1017151024
1017152535
101721946X
1017249369
1017249733
1017256470
1017433097
1017439508
1017478880
10175165-5
101753540X
10175454-1
1017637903
101766837X
1017700281
1017703205
1017759618
1017808716
101781144X
1017909482
1017912343
1017917434
1017962820
1017964866
1017969825
101814644X
1018248242
101840926
101842668X
101847009
1018477152
1018503072
1018616411
1018711317
1018714634
101877761X
101885746X
1018867104
101898207
101911629
1019160497
101916582
1019167963
101921632
1019244313
1019323906
1019393874
1019459611
1019490519
101953399
1019538597
101963202X
1019704195
1019715871
1019724692
1019724986
1019725354
1019726164
1019726504
1019726512
1019726571
1019726741
1019726776
101972806X
101972837X
101972871X
1019729341
1019729570
1019729627
1019730072
1019730145
1019730641
1019730676
1019730749
101973082X
1019736747
1019737085
1019738057
1019738162
1019738294
1019738456
1019739126
1019739614
1019740418
1019741066
1019741252
1019741570
1019741848
1019741864
1019741872
101974250X
1019742607
1019744995
1019745320
1019745339
1019745568
1019745754
1019745797
1019746106
1019746467
1019747099
1019747137
101974734X
1019748850
1019750014
101975057X
1019751576
1019755636
101975589X
1019756551
1019756586
101975799X
1019758023
1019758112
101975849X
1019758988
1019759607
101975964X
1019760176
1019760443
101976211X
101976242X
1019763450
1019763884
1019763965
1019764341
1019764376
1019764481
1019764910
1019765135
1019765399
1019765453
1019768551
1019817097
101994915
1019980869
1020043601
1020051663
1020053550
1020054220
1020054441
1020091762
1020174943
10201971-X
10201973-3
1020250755
102030065
1020325984
102035202
102035229
102042632
1020480955
1020625813
1020751975
1020853964
102104395
1021052140
10210901X
102109028
102111014
10211112X
102117470
10211790X
102119538
102119635
102119651
102119686
102120455
1021205516
1021206814
1021212628
1021254533
102125880
10212809X
1021391123
102141126
1021412341
102169098
102199175
102222681
102223262
1022281070
10223244X
1022350900
102238138
1022808753
102285020
102285977
1022868489
102300576X
1023031477
1023032228
102305617
102324115
1023324342
1023341514
102334331
1023504030
102356602
1023566761
1023577690
10235913X
1023663112
1023675897
102367604
102373892
1023782243
1023804123
1023804646
1023805065
1023816997
1023825341
102382794
102384348X
1023858088
102387443
1023896532
1023898349
1023911299
102393230
102395888
102402132
102403597
102408653
1024101002
102411115
1024113027
1024136191
102417296
1024192091
1024204855
102420605X
1024253732
102425639
102425728
1024264971
10242716X
102427178
102427186
102427216
102427224
102430896
102431108
102431655
1024339092
102435138
102435146
102435405
1024360261
1024379248
1024385965
102440174
1024429962
1024430561
102445052
10244577X
102446148
102447748
102448341X
1024521389
102452377
102454795
102456372
102458979
102460442
102461112
102465525
1024714195
1024716406
1024720365
102472610
102473447
1024738639
1024758052
102476241
1024779955
102478996
102479135
102479282X
1024794407
10247978X
102479844
102481660
102481784
1024836061
1024836118
102485681X
1024871665
1024877787
102490651
1024912019
1024919633
1024921670
1024948862
1024988333
102500363
1025028376
1025052048
102508569
102508879
1025096738
1025103289
1025108329
1025120582
1025120795
1025125169
102518998
1025202155
1025207092
1025209524
1025227832
1025232992
102524475
102530750
1025308476
1025376609
102543534
102550018
1025643178
1025647750
1025653254
102565692X
1025659961
1025666860
1025667328
1025682106
1025703472
102571988
102572690
102576629
1025795709
1025826523
1025857712
1025900138
1025913655
102605382X
1026109531
1026147026
1026154294
1026215439
1026447119
1026455197
1026692504
1026721776
1026755883
102676615
1026800900
1026812992
1026818257
1026823285
1026861225
1026873819
1026899818
1026902215
1026994748
1027021085
102702968X
1027069584
1027093574
1027134920
1027160794
1027161553
1027162576
1027166229
1027171605
1027176771
1027188427
1027294367
1027303285
102731926
1027332927
1027345832
1027361110
1027554172
1027583458
102758506
1027782647
102783012
1027841740
102787954
1027971504
1027983979
102798469X
1028018320
102822514
102833729
102835551
102837422
1028667787
1028868421
1028950578
1029095019
1029095175
1029119716
1029270570
1029358710
1029473684
1029509174
1029523916
102954249X
1029568227
1029581398
1029841446
1029908850
1030074208
1030143447
1030160929
1030192669
1030442193
1030450072
1030485380
103049391X
1030502390
103085297
103085432
103090746
103091432
103102701
103105166
103107576
103107819
1031139842
1031142215
103115781
1031164529
1031171037
1031176209
103117660
1031177264
1031177477
1031179305
1031180230
1031194746
1031197869
1031198571
103120475
103120653
1031261699
1031330887
1031400214
103140712X
1031409092
103141693
103142479
1031429069
1031429395
103143556
103143710X
103148272
1031543473
1031692126
1031724125
1031724923
1031768858
1031886192
1031935061
1031943609
1031950737
1031962115
1031962794
1031971343
1031985883
1032012730
1032032456
1032096276
1032149345
1032163305
1032213361
1032280573
1032302550
103230569X
1032364513
1032374217
1032434279
1032443081
1032515686
1032517425
1032519460
1032521872
1032523476
1032896361
1033103314
1033204714
1033276464
1033293385
1033345369
1033378852
1033379441
1033447870
1033471461
1033483036
1033621811
1033650242
1033657360
1033668532
1033703435
1033723738
1033766402
1033786446
1033806005
103380634X
1033820296
1033833665
1033922900
1033963690
1034050419
103405063X
1034150170
1034150812
1034185985
1034189387
1034191055
1034238078
1034262408
1034265229
1034353810
1034599305
103468609
1034716794
1034717650
1034740873
1034903152
103494066X
103497323
1035074885
1035094207
1035101262
1035109395
103512422X
103513800X
1035163357
1035256665
1035265567
103527129X
1035324792
1035421518
1035461919
1035485060
1035524198
1035529831
1035619660
1035620111
1035623498
1035624001
1035709163
10359520-X
1036247554
1036333140
1036379299
1036401995
1036402096
1036523357
1036528057
10366436-1
1036674681
1036695212
1036721051
1036754367
1036758656
1036913988
1036933466
1036934047
1037004566
1037009770
1037190696
1037234499
1037240464
1037255569
1037280598
103728254X
1037283627
1037330889
1037331400
1037335376
1037371518
1037384245
1037384962
1037386760
1037480716
1037492579
1037499263
1037503120
103750746
1037510534
1037519221
1037522974
103752490X
1037533631
1037534735
1037536258
1037536657
1037536886
103753761
1037538250
1037538277
1037538285
1037539028
1037542029
1037542096
1037543009
1037544137
1037547233
1037549465
1037549589
1037550536
1037550935
1037551370
1037554752
1037559673
1037560663
1037561252
1037562232
1037563190
1037564146
1037567463
1037567722
103757074X
1037571797
1037572009
1037572513
1037575369
103757570
1037575857
1037576403
1037576470
1037577809
1037578163
1037579941
103758372
1037591321
1037596714
1037597265
1037599276
1037602838
1037604865
1037607643
1037616693
1037618335
1037619285
1037622987
1037623754
1037629493
103762985X
103764123X
103764488
1037652185
103765823X
103766316
1037697065
1037754670
103775784X
1037786246
103779902X
1037839293
1037851226
1037852850
1037856945
103785764X
1037862872
1037876717
1037878930
1037926307
1037987101
1038014816
1038016568
103802949X
1038172136
1038226988
1038227801
1038236932
1038282314
1038285542
1038329973
103838446X
1038387183
1038435536
1038460921
1038487870
1038496330
1038562066
1038565502
103859362X
1038597692
1038700612
1038714044
1038720370
103872645X
1038829399
1039184-8
104047631
104049464
104055227
104056444
104058250
104065079
104066393
104069139
104086491
104087439
104087463
104087897
104092033
104102772
104107448
104109076
104114614
104114630
104114649
104120274
104122021
104130725
104130938
104132280
104133309
104139137
104142146
104142251
104142316
104144769
104148187
104150084
104150386
104160802
1041609213
1041630999
104170387
104171324
104171839
104173130
104173793
104174080
104176253
1041763913
104176679
104177209
104177624
104178892
104183152
104183411
104183586
104183764
104183772
10418387X
104188855
104189576
104193379
104193433
104193441
104194411X
104194618
104194723
104196610
104196866
104196882
104197943
104198419
104200529
104200634
104201401
104201649
104202319
104206497
104206543
104207272
104207299
1042073449
1042073937
104209119
104209356
1042125619
104221844
1042222797
104222727
104224401
104227737
104229500
104234059
104243430
104243449
104243473
104243570
104243597
104245565
104246073
104246936
1042486921
104251514
1042528446
104270608
104270632
1042731950
104273895
104275987
104276231
104276819
10427686X
104277009
10427736X
104279664
104279699
104280883
104285850
104286547
10428708X
104287918
104295600
1043018484
1043020829
1043022996
1043031995
10430376X
104304219
104304243
104306947
104308753
104309466
104310219
104312971
104315083
104317914
1043180362
104318465
104319186
104319925
1043208879
1043208992
104321350
1043235000
104326743
104326751
10432676X
104326778
1043302883
104331933
104336609
104340037
104343656
104345519
1043461345
104347384
104348119
104350253
10435027X
1043513795
104353287
104356812
1043569219
104360062
104360097
104365021
104366230
104366869
104372923
1043826866
1043852697
1044089709
1044168773
1044341254
1044476117
1044728973
1044733403
1044773294
1044932236
1044992905
1045261831
1045319759
1045323497
1045412228
104541235X
1045496308
1045856886
1046155385
1046391720
1046552481
1046816446
1046981277
1047204169
1047227770
1047470047
1047493292
1047574144
1047697394
1047910144
1047973634
1048016919
1048034399
104854169X
1048647161
1048747816
1049309057
104940730X
1049674065
104991757X
105032823X
1050400550
1050400720
1050402219
1050418743
1050425472
105042834X
1050428382
1050429419
1050457560
1050459318
105046083
105046107X
1050464842
1050465075
1050470354
1050470974
105047144X
1050471822
1050472713
1050473639
1050479149
1050527461
1050531280
105053185X
1050533283
1050533585
1050534344
1050543262
1050543408
1050543793
1050544463
105054448X
1050544633
1050544641
1050545664
1050549252
1050549511
1050551745
1050555295
1050560000
1050561317
1050561503
1050562526
1050563107
105056314X
1050566025
1050566688
1050573439
1050675835
1050678125
1050678567
1050679954
1050694813
1050694899
1050695291
1050809920
1050965272
1051071399
1051090873
1051191467
105121100X
1051221307
1051498783
1051538955
1051651115
1051834465
1051994926
1052520294
1052525725
105261857X
1052709583
1052722776
105280425X
1052805868
1052843964
1052860257
1052864848
1052880436
1052883249
1052971172
1053014813
1053101880
1053164610
1053266855
1053279671
1053307578
1053376987
1053434219
1053448309
1053504144
1053548877
1053582102
1053983190
1054943370
1055088687
1055101802
1055102167
1055111670
105516846X
1055267409
1055269835
1055270981
1055315179
1055421211
105548020X
1055503420
1055505989
1055520198
1055534768
1055547010
1055548157
1055560165
1055596232
1055606386
1055629653
1055643621
1055645020
1055655050
1055682899
1055683577
1055698612
105610600X
1056119500
1056126159
1056165235
1056166622
1056384638
1056624353
105678427X
1056924861
1056940972
1056990775
1057179337
1057473391
105776485X
1057765406
1057766631
1057767301
1057769584
1057769878
1057770108
1057796158
1057940704
1058102397
105891779X
1059837269
1059837323
1059954915
1060076179
1060397080
1060501627
1060501651
1060791676
1061218511
1062634535
1063144086
1063311691
1063313856
1063376467
1063816378
1064023622
1064496245
1064770967
1065019726
1065248350
1065353693
1065464711
1066349363
1066683476
1066710007
1066883122
1067657177
1067981098
1068981598
1069084808
1069517836
1069539511
1069543888
1069647942
1069693502
1069699047
1069777633
1070485934
107049979X
107050978
1070633488
107101599
1071565168
107157356X
1071578162
1071618733
107167174X
1071671855
1071880101
1072306484
1072318164
1072421194
1072602644
1072605376
1072605872
107290277X
1072914875
107292238X
1072928698
1072929937
1072937689
1072946106
1072949385
1072972468
1072977559
1072979101
1072980789
1072991780
1072996510
1072998343
1073009076
1073018555
1073024075
1073053687
1073054276
1073060853
1073065952
1073066150
107306705X
1073070492
1073124851
1073264335
1073344886
1073384144
1073433854
1073439356
1073439690
107344600X
1073451895
1073478386
1073507726
1073887146
1073987086
1074376137
1075059364
1075059453
107515684X
1075223954
1075462770
1075507804
1075827051
1076408141
1076627307
1076679676
1076757944
1076801706
1076935702
1077017693
1077218656
1077223994
1077382715
1077628846
1077744404
1077930291
1078022402
1078073600
107824345X
1078648123
1078783101
107892758
1079181458
1079254129
1079354751
1079362959
1079500731
1079550984
1079567240
1079723447
108040211X
1080539182
108134342
1081378387
1081824476
1082224928
1083045946
1083269747
108448118
1085132811
1085198499
108569470
1085837963
1086402286
1086836618
108690804X
1087273412
1087308674
1087535603
1089130856
1089138660
1089181140
1089246986
1089320663
1089360991
1089397550
1089401558
1089404794
1089429843
1089445474
1089450753
1089453213
1089454112
1089455909
1089456840
1089465483
1089471963
1089479123
108947914X
1089488912
1089512023
1089526733
1089527195
1089528698
1089540701
1089546971
108958136X
1089583524
108959013X
1089591497
1089593791
1089596693
1089625618
1089631464
1089632169
1089632533
1089639015
1089639198
1089639589
1089640080
108964521X
1089650361
1089652186
108965362X
1089653727
1089664249
1089669798
1089691661
1089691750
1089691882
108974708X
1089778481
1089797494
1089871864
1089889801
1089890044
1089890958
1089891040
1089891105
108989113X
1089891156
1089891172
1089946597
1090154585
1090236360
1090657730
1090664745
1090729995
1091587922
1093435844
1093852887
1094705225
1095806300
1096366630
1096840278
1097214923
1098220455
1098447298
1098570820
1099729564
1100067167
1100087710
1100204377
1100569510
1101471867
1103156160
1103166298
1103263757
1104195054
110419810X
1104504200
1104519402
1104726262
1106262190
1108297110
110847733
1109100779
1109106181
1109799128
1111660026
1112576762
1112685804
1113597216
1113680180
1114517402
1114740438
1114764817
1115674072
1115680420
1116384426
1116450690
1116611937
1117576922
1117722457
1118511174
1118658043
1119082706
1119179777
111945512X
1120322367
112103263X
1121036147
1121611605
1121709141
1122606370
1122664664
1123035717
1123157693
1123983577
1124370080
1124695311
1125116439
1125157267
1125468793
112666863X
1126742031
1126758353
1127164694
1127167111
1127355791
1127548700
1127788922
1128623048
1129292886
112939512X
1129726290
1129803384
1129809412
1129895408
1130180603
1130195104
1130261107
1130422771
1131264428
1131291174
1132165504
1132546214
1132546737
1133497212
113496708X
1135195161
1135681295
1135735077
1135755310
1136343350
1136599924
1136743200
113677472
1136805583
1137231157
113740325X
113795297
1138034584
1138928739
113919741X
1139475886
1139846701
1139874659
1140027247
1140490141
1140871757
1141544075
1141620421
1141920468
1142041379
1143617541
1143630408
1144306310
114433442X
1144380138
1144745497
1144931223
1145427871
1145567657
114559137X
1146028113
1146289227
1146598289
1146706936
1146792603
1147100527
1147119937
1147127301
1147216266
1147226709
1147227586
1147229473
1147246874
114731960X
1147385904
1147798303
1147801053
1147811504
1148030565
1148117067
1148118063
1148346422
1149282347
1149416661
1150450614
1150725818
1150874392
1152229168
1152294075
115235311X
1153444364
115361871
115362320
115363165
1153796260
115389385
115435670
115448500
1154539237
1154815455
115488103
115495800
115497811
115498249
115502572
11550656X
115507086
115540040
115547584
115549129
115549390
115598162
115598219
115598529X
115600108
115602194
11560720X
115616276
115616403
1156194342
115620702
115627006
115635572
11567618X
1157037518
115732624
115745866
115747591
1157482171
1157483895
115749438
115749535
115752870
1157533221
1157541674
1157542700
1157544665
1157556655
115756574
115758240
115772049
115772251
1157740154
115775498
115775854
1157759424
115779-6
1157910327
115799877
115803041
115812067
115813535
115821872
11582295X
115828214
115830359
115841547
115848177
115863559
115864660
115864849
115866655
1158696965
1158704909
115872663
1158806418
115883266
115886616X
1159107726
1159536473
116000716
116001259
116006048
116006331
116006374
116007419
116008385
116008636
116008652
116009764
11601122X
116011696
116019573
116021004
116032529
116037946
116041749
116042958
116048611
116051264
116053356
116053585
116053607
11605459X
116054727
116056363
116056622
116057661
116068078
116068833
116070803
116078308
116078359
116078936
116080620
116081287
116081708
116083980
116085320
116086688
116088796
116089180
1160900477
116094214
116094486
116096438
116097523
116098635
116099992
11610015X
116101431
116105011
116105666
116108762
116113626
116114614
116117788
116118458
116121467
116122684
11612363X
116124164
11612573X
116130709
116135662
116146826
116151595
116153482
116155558
116156287
116158379
11615991X
116160071
116163593
116164891
116168773
116168986
11616929X
116172134
116175494
116175524
116179260
116181869
116183403
1161853499
11618860X
116188626
116190809
116194707
116200014
116200170
116203757
116204303
116206357
116208503
116209550
116210249
116211911
116214376
116215291
116216336
116218185
116218606
116219033
11622004X
11622133X
116225807
116226900
1162312173
116235411
11623542X
11623685X
116241543
116241772
11624187X
116245921
116249048
116250836
11625159X
1162518405
1162525711
116253665
116256478
116257202
116257881
11626442X
116265612
116266600
116266996
116267968
116268409
116269553
116270802
116271205
116272279
116274875
116277513
116279451
116280328
116281928
116282061
116282487
116284412
116286881
116288310
1162904976
116292091
116294396
116298308
116298642
116299290
116302380
116303387
1163064238
116309342
116311436
116313919
116314494
116317450
116318767
116319739
116322306
116324562
116325976
116326174
116326425
1163278858
116331674
116332867
11633536X
116340118
116340134
116344857
116345721
116349115
116351004
116352043
116352086
116353430
1163563544
116357134
116362111
1163633356
116363916
116367172
116385707
116388463
116391693
116391820
116391839
116392045
116392851
116394021
116395079
116396229
116396644
116397217
116397306
116398728
116402822
116404078
116404760
116405473
116405805
116410051
116410876
116412992
116413549
116416610
116417722
116419024
116419032
116426020
116434422
116436077
116436921
116436956
116437588
116440619
116442018
116442174
116445076
116445645
116448830
1164545701
116455004
116457023
116460210
116461543
116461837
116468157
116470887
116473894
116476850
116476931
116477598
116477881
116479566
116483547
116483598
116489014
116491779
116498501
1164986740
116498765
116499044
116505524
116506466
116507780
116508914
116511710
116515457
1165172402
116520213
116524073
116525185
116526742
116528338
116529008
116530707
116530723
116531142
116531460
116534702
116535393
116544902
116545615
116552328
116556161
1165617803
116562722
116564199
116564741
116568143
116569417
116571330
116571381
116573627
116575859
116578459
116581530
116584610
116585749
116590181
116594047
116595671
116597623
116597674
116600462
116602821
11660347X
116604808
116606428
116611316
116611650
11661451X
116614579
1166168018
116618191
116618981
116624108
116625007
116627190
1166273075
116634634
116639296
116644990
116645148
116647868
116652853
116655372
116659718
116661798
116668660
116670428
116675799
116676876
1166772217
116678909
116678933
116680989
116681896
11668514X
116685433
116688629
116688890
116695706
116697822
116697946
116702176
116702419
116703725
116704039
116706988
116709650
116709995
116711086
11671963X
116719788
116719931
116720581
116720697
116722622
116722762
116726458
116728884
116729074
116731818
116731893
116732555
116735996
116739517
116741821
116743646
116745444
116746009
116748435
116754605
116759399
116768452
116775092
116775424
116776536
1167826922
116784504
116786566
116789018
116790393
116791020
116791152
116798173
116801298
116804521
116807237
116807385
116808640
116809299
116814276
11682025X
116832622
116835818
116842660
116842938
116851600
116853271
116854162
116855533
116856254
116857978
116864826
116865253
116866209
116866365
116867647
116876212
116880481
116885793
116893346
116893575
116893842
1168949785
116895799
116896477
116897678
116900962
116902175
116902353
116902531
11690318X
11690416X
116906987
116907975
116908238
116909226
116909382
116911840
116912839
11691288X
11691355X
116919566
116919892
116923288
11692635X
116926929
116930454
116935391
116940255
116951400
116952016
116953624
116953829
116954280
11695499X
116955147
116955376
116956089
116962720
116966831
116970308
116976659
116993715
116995149
11699584X
11699746X
116999101
116999454
117001554
117001686
117004669
117005657
117007226
117009199
11700958X
117010030
117011312
117012599
117014656
117014761
117016462
11701771X
117019933
117021903
117022322
117027944
117028843
117033642
117034355
117035297
117036013
117039632
117043214
117044865
117045683
11704783X
117048836
117051543
117056553
117057681
117058629
117062324
117064424
117069787
117073784
117074128
117079510
117079847
117081051
117084484
117085952
11708719X
117088218
117089443
117094625
117095583
117100064
117101001
117102784
117106666
117107263
117108065
117108308
117108898
117109673
117110183
11711183X
117115304
117117153
117117471
1171174837
117117978
117118184
117119415
117123560
117125741
117126802
117126942
117129925
117130737
117133442
117134236
117135860
117140716
117142603
117144320
117145785
117147559
117148261
117151521
117151858
117154636
1171574231
117158623
117159417
117164860
117166642
117169455
117171808
117174734
117179337
117184985
11718585X
117186910
117187062
117190764
117191949
1171955901
117203130
117204722
117205184
117206571
117208302
11721292X
117214086
117216402
117216542
117217530
117218308
117218456
117219770
117220264
117220752
117222054
117224863
117226041
117227617
117234478
117235172
117238996
117242276
117243264
117243388
117244902
117245402
117245798
1172460590
117247448
117248339
117251496
117255335
1172559023
117258709
117259047
117259462
117263834
11727514X
117275948
117285714
117291250
117293652
117293741
117294187
117305189
117305359
117308773
117310328
117310425
117316474
117317845
117318701
117330507
11733555X
117336351
117343870
117346039
117346160
117347957
117348295
117348716
117359335
117360708
117365106
117365513
1173658009
117366323
117369454
117375454
117375772
117376280
117379042
117379115
117379298
117381209
117384224
117384933
117387479
117399671
117400238
117400246
117400386
117407186
117410969
117411655
117414468
117416487
117421480
117421650
117426059
11742658X
117427624
117433845
117437441
117440280
1174408367
117445614
117450367
117452963
117453950X
117454273
117454575
117458937
117459402
117460400
117466034
117466751
117468355
117468827
117474460
117475599
117475971
117477834
117478075
1174853107
117485799
117489611
117490547
117497045
117497738
117498203
117502995
117503428
117503703
117505471
117507857
117513810X
117518387
117519456
117520896
117524379
117528005
117530034
117531804
117535605
11753580X
117544825
117550426
117550825
117553360
117553875
117559245
117559822
117561924
117563056
117563129
117566047
117572314
117573566
117576182
117577421
117577979
117578290
117578487
117580562
117587214
117589195
117590126
117590681
117591696
117592579
117592641
117592757
117593540
117593729
117605352
117605425
117608793
11761310X
117614815
117615463
11761744X
117624950
117625485
117626538
117630659
117630985
117632643
117632686
117636878
117636940
117637327
117637637
117637939
117639613
117644846
117646520
117648914
117653276
117655546
117657638
11765793X
117658197
117660310
117666424
11766720X
117667919
11767026X
117672017
117672386
117678422
117678945
117681393
117688134
117689521
11769181X
117693316
117698326
11771206X
11771660X
117722944
117723444
117731803
117732214
117741949
117742589
117751669
117752266
117752622
117760951
117762512
117765805
117768006
1178166384
1178339173
1178650553
1179420578
1179488822
1179851625
118002805
11803412X
11803698X
118042394
1180431804
118047388
118047418
118048562
118049844
1180631447
118064657
1180895851
1181024293
118158376
118158430
118167375
118167472
118168916
1182552692
1182726135
1183677464
118500473
118500481
11850049X
118500570
118500635
118500783
118500848
118501097
118501100
118501437
118501607
118501615
118501755
11850178X
118501828
118501852
118501909
118501933
118502182
118502220
11850245X
118502697
118503081
118503189
118503278
118503316
118503405
118503472
118503480
118503499
118503510
118503529
118503715
11850374X
118503782
118503952
118504037
118504118
118504185
118504398
118504843
118504959
118505076
118505084
118505092
118505106
118505114
118505122
118505165
118505483
118505904
118505955
118506188
118506439
118506471
11850651X
118506528
118506595
118506617
118506668
118507079
118507745
11850777X
118507826
118507850
118507893
118508121
118508210
118508288
118508318
118508326
118508636
118508679
118508911
118509187
118509373
118509810
11850987X
118509926
118509969
118510185
11851024X
118510320
118510495
118511114
118511262
118511270
11851136X
118511459
118511564
118511882
118511947
11851217X
118512234
118512242
118512293
118512315
118512617
118512722
118512749
11851282X
118512986
118513052
118513141
118513176
118513249
118513257
118513281
118513540
118513745
11851380X
118513915
118513923
118514237
11851427X
11851444X
118514806
118515055
118515284
118516086
118516361
11851640X
118516418
118516914
118517104
118517252
118517384
118518194
118518208
118518275
118518410
118518429
118518445
11851850X
118518534
118518771
118518860
118519034
118519093
118519255
118519441
118519476
118519506
118519573
11851962X
118519794
118519875
118519964
118519980
118520121
118520237
11852044X
118520504
118520512
118520652
118520733
118520814
118521055
118521063
118521292
118521411
118521470
118521691
118521713
118521772
118521977
118522027
118522140
118522159
118522175
118522280
118522450
118522582
118522590
118522841
118523139
118523171
118523287
118523368
118523376
118523384
118523406
118523589
118523708
118523732
118523783
118523880
118523945
11852464X
118524658
118524801
118524844
118525263
11852531X
118525751
118526103
118526170
118526200
118526642
118527150
118527207
11852786X
118527983
118528386
118528750
118529390
118529412
118529838
118529870
118529919
118529927
118529935
118530135
11853050X
118530550
118530585
118530666
118530925
118530933
118531239
118531328
118531336
118531379
118531697
118532111
118532162
118532391
118532464
118532502
118532510
118532529
118532847
118533495
118534416
118534432
118534548
118534661
118534912
118534947
118534955
118534963
118534971
118535013
118535021
118535196
118535366
118535668
118535676
118535714
118535730
118535749
118535757
118535773
11853579X
118535803
118535862
11853596X
118535978
118535986
118535994
118536109
118536303
118536443
118536796
118537229
118537245
118537695
118538195
118538322
118538535
118538543
118538918
118538969
118539248
118539469
118539841
118539957
11854019X
118540238
118540610
118540688
118540793
118541013
118541072
118541439
118541579
118541838
118541862
118541870
118541900
118541919
118542222
118542257
118542265
118542354
118542443
118542567
118542656
118542672
118542699
118542702
118542907
118543091
118543318
118543725
118543733
118543768
118543830
118544217
118544306
118544373
118545140
118545213
118545221
118545310
118545329
118545892
118545906
118546678
118546864
118546937
118546945
118547070
118547216
118547356
118547488
11854750X
118547623
118547631
118547658
118547739
118547755
118547895
118548018
118548026
118548166
118548174
118548204
118548255
118548263
118548271
11854828X
118548298
11854831X
118548573
118549286
118549316
118549553
118549618
118549731
118549855
118550071
118550128
11855073X
118550772
118550853
118550896
118550934
118551264
11855140X
118551655
118551817
118552023
118552325
118552341
11855252X
118552589
118552791
118552805
118552848
118552945
118552953
118553070
118553216
118553224
118553321
11855333X
118553569
118554131
118554514
118554646
118554700
118554727
118554751
118554948
118555049
118555146
118555324
118555340
118555359
118555677
11855591X
118555928
118556010
118556045
118556312
118556436
118556967
118557157
118557211
118557432
118557459
118557556
118557610
118557750
118557769
118557831
118557971
118558048
118558331
118558358
118558390
118558404
118558420
118558668
118558862
11855896X
118559214
118559559
118559796
118560026
118560034
118560042
118560050
118560069
118560085
118560093
118560107
118560115
118560123
11856014X
118560174
118560182
118560190
118560557
118560565
11856059X
118560603
118560751
118561057
11856109X
118561448
118561480
118561855
11856224X
118562347
118562398
118562452
118562746
118562827
118563181
118563211
11856322X
118563335
118563386
118563599
118563610
118563629
11856370X
118564587
118564722
118564749
118564927
118564943
118564994
118565109
118565184
118565273
118565702
118565737
118565796
118566369
118567365
118567543
11856806X
118568426
118568647
11856868X
118569015
118569392
118569775
11856997X
118570080
118570099
118570293
118570439
118570781
118570994
118571222
118571249
118571516
118571540
118571710
118571761
118571842
118571869
118571877
118572032
118572121
118572539
118572628
118572636
118572695
118572741
118572873
118572903
118572954
118573330
11857342X
118573462
118573527
118573748
11857387X
118574221
118574418
118574450
118574515
118574728
118574884
118574892
118574914
118574922
118574930
118574949
118574957
118575031
118575155
118575171
118575236
118575287
118575430
118575449
118575511
118575651
118575740
118575775
118576089
118576178
118576682
11857700X
118577336
118577441
11857745X
118577468
118577573
118577778
118577786
118577794
118577808
118577867
118577891
118577905
118577921
118577956
118577972
118578073
118578308
118578537
118578669
118578790
118579274
118579320
118579355
118579371
11857938X
118579398
118579401
11857941X
118579428
118579703
118580485
118580558
118580744
118580779
118580914
118581015
118581074
118581082
118581090
118581139
118581201
118581465
11858149X
118581945
118582143
118582313
11858233X
118582364
118582607
118582682
11858281X
11858314X
118583158
118583174
118583271
11858331X
118583387
118583573
11858362X
118583654
118583662
118583670
118583743
118583751
118583808
11858412X
118584138
118584146
118584588
118584596
11858460X
118584693
118584871
118585045
11858586X
118585975
118586408
118586416
118586610
11858670X
118586807
118586939
118586971
118586998
118587544
118587668
118587943
118588079
118588141
11858815X
118588494
118588567
11858913X
118589326
118589776
118589792
118590111
118590200
118590243
118590421
11859043X
11859074X
118590758
118590766
118590774
118590898
118590995
118591118
118591177
118591347
118591355
11859138X
118591533
11859169X
118591843
118591886
118591924
118592068
118592165
118592335
118592599
118592602
118592661
118592793
118592904
118592912
118592955
118593056
118593692
118593811
11859382X
118593846
118593854
118593862
118593870
118593943
118594117
118594206
118594214
118594427
118594540
118594575
118594605
118594672
118594702
118594710
118594788
118594885
118594893
118595083
118595237
11859544X
11859558X
11859561X
118595636
118595741
118596039
118596047
118596705
118596764
118596780
118596926
118597019
118597051
118597205
118597523
118597574
118597671
118597787
118597930
118598031
118598090
118598244
118598619
118598708
11859902X
118599100
118599372
11859964X
118599712
118599755
118599887
118599992
118600001
118600265
118600354
118600400
118600419
118600486
118600621
11860113X
11860130X
118601563
118601644
118601652
118601717
118602217
118602497
118602608
118602640
118603027
118603329
118603353
118603361
118603426
118603485
11860354X
11860368X
118603698
118603701
11860371X
118603817
118604082
118604090
118604198
118604597
118604775
118604813
118604821
118604953
118605097
118605534
118605909
118605933
118605941
118605984
118606026
118606115
11860614X
118606557
118607049
118607057
11860760X
118607626
1186077700
118607960
118608045
118608088
118609386
118609807
118609815
118609823
118610066
118610368
118610406
118610465
118610953
118610961
118611089
118611275
118611305
11861164X
118612271
118612336
118612409
118612492
118612700
118613154
118613200
118613219
118613480
11861357X
118613588
118613723
118614193
11861424X
118614347
118614584
118614703
118614940
118615270
118615300
118615637
118615661
118615688
118615793
118616129
118616226
118616307
118616366
11861682X
118617273
118617818
11861794X
118617958
118618172
1186182482
118618806
118618954
118619055
11861911X
118619292
118619756
118619861
118619918
118619993
118620134
118620185
118620223
118620282
118620428
118620606
118620878
118621637
118621823
118622064
118622110
118622323
11862234X
118622358
118622501
11862251X
118622625
118622706
118622803
118622854
118622897
118622951
118622994
11862346X
118623567
118623796
118623990
118624547
118624946
118625063
118625586
118625624
11862573X
118625756
118625837
118625950
118626264
118626426
118626434
118626574
118626647
11862671X
118626868
118626876
118627074
118627082
118627112
118627120
118627171
118627198
118627252
118627279
118627503
11862752X
118627775
118627813
11862783X
118627848
118627910
118628003
118628755
118629433
118629492
118629662
11862976X
118630067
118630229
118630563
118630741
118630938
118631063
118631349
118631713
118631764
1186319356
118632477
118632701
118632787
118632876
118632884
118632892
118632906
118632914
118632922
118632949
118632973
118633058
11863335X
118633600
118633651
118633678
118634151
118634208
118634224
118634372
118634488
118634771
118634895
118635093
118635298
118635603
118636545
118636677
118636758
118637010
118637533
118637606
118637797
118637819
118638114
118638203
118638319
118638394
118638459
118638521
118638599
118638831
118638858
118638890
118638963
118639056
118639080
118639110
118639242
11863982X
118639889
118640119
118640208
118640356
118640410
118640437
118640445
118640496
11864064X
118640658
118640798
118640941
118641158
118641182
118641220
118641255
118641425
118641433
118641484
118641514
118641557
118641816
118642286
11864260X
118642731
118642820
118643096
118643150
118643177
118643355
118643525
118643754
118643789
118643924
11864405X
118644262
118644343
11864436X
118644394
118644416
118645021
118645323
11864534X
118645374
118645722
11864601X
118647164
118647229
118647407
11864758X
118647733
11864792X
118647989
118648217
118648306
118648381
118648659
118649035
118649450
118649469
118649485
118649507
118649639
118649892
118649949
118650033
118650130
11865098X
11865103X
118651102
118651110
118651129
11865117X
118651978
118652648
11865330X
118653377
118653415
118654063
118654128
118654772
118654853
118655159
11865537X
118655434
118655728
118655809
118655833
118656368
118656821
118656880
118656961
118657208
118657216
118657275
11865750X
118658107
118658336
118658476
118658530
118658689
118659170
118659278
118659413
118659456
118660489
118660829
118661310
118661728
118661809
118661957
118662244
118662309
118662775
118662821
118662864
118662996
118664638
118664727
118664972
118664999
118665693
118666029
118666053
118666061
118666479
118666509
118666754
118666835
118666940
118667041
118667181
118667203
11866722X
118667378
118667505
118667521
118668005
118668021
118668064
118668072
118668234
118668498
118668536
118668544
118668579
118668595
118669079
118669346
118669575
118669613
118669885
11867000X
118670115
11867031X
118670417
118670603
118670611
118670786
118671464
118671499
118671669
11867174X
118671936
118672231
118672576
118672657
118672703
118672770
118672797
118672800
118672819
118673149
118673513
118674005
118674013
118674382
118674609
118674838
118675060
118675303
11867532X
118675591
118675885
118675958
118676040
118676059
118676504
118676512
11867661X
118676865
118676881
118676903
11867692X
118677004
118677276
118677578
118677853
118677969
118678477
118678558
118678744
118678809
118678914
118679236
118679325
11867935X
118679422
118679546
118679627
118679651
118679740
118679996
118680749
118680846
118681125
118681346
118681354
118681400
118681613
118681834
118682229
118682318
118682326
118682555
118682636
118682857
118682865
118683004
118683144
11868339X
118683500
118683527
118683721
1186839376
118683969
118683977
118684175
118684191
118684302
118684353
118684450
11868468X
118684728
118684884
118685236
118685279
118685872
118685996
118686240
118686704
118686739
118686747
118686755
118686763
118687239
118687271
118687441
118687891
118688294
118688634
118688642
118688677
118689150
118689797
118690450
118690485
118690493
11869068X
118690949
118691015
118691236
118691414
118692313
118692437
118692674
118692925
118692941
11869295X
118692984
118693018
118693077
118693484
118693522
11869362X
118693972
118694146
118694170
118694383
118694995
11869507X
118695908
118696602
118697064
118697080
118697390
118697404
118697447
118697773
118697781
118697943
118698028
118698494
1186987545
118700200
118700421
118701231
118701363
118701444
118701533
118701754
118701932
118702173
118702211
118702246
118702343
118702424
118702556
118702645
11870267X
118703226
118703234
118703242
118703250
118703277
118703285
118703404
118704052
118704133
118704249
118704702
11870494X
118705059
118705997
118706292
118706640
118706950
118707582
118707965
118708856
11870897X
118709003
118709143
118709771
11870978X
118709798
118709917
118710117
118710257
118710729
118710788
118711245
118711539
118711865
118711962
118712039
118712179
118712284
118712373
118712381
118712403
118712411
118712896
11871306X
118713140
118713302
118713477
118713507
118713892
118714090
118714309
118714341
118714570
118714937
118715143
118715380
118715615
118716050
118716166
118716425
118716581
118716808
118716859
118716913
11871693X
118717154
118717642
118717758
118717855
118718266
118718762
118718789
118718797
118718975
118719033
118720791
118720856
118720864
118720880
118720902
118720910
118720945
118720961
11872116X
118721224
118721313
11872200X
118722557
118723049
118723464
118723499
118723510
118723960
118724010
118724274
118724320
118724436
11872469X
11872553X
118725734
118725769
118725785
118725815
118725920
118726056
118726757
118726811
118726838
118726986
11872729X
118727389
118727486
118727508
118727516
118727664
118727745
118727834
118728075
118728180
118728571
11872908X
118729152
118729225
118729314
118729373
118729403
118729411
11872942X
118729438
118729446
118729500
11872987X
118730029
118730274
11873038X
11873069X
118730711
118730770
118731122
118731157
118731572
118731726
118731890
118731998
118732145
118732463
118732471
118733273
118733877
118734563
118734725
118734911
118734962
118735365
118735373
118735977
118736213
118736493
118736515
118736590
11873668X
118736973
118737554
118738062
118738097
118738151
11873816X
118738178
118738208
118738240
118738887
118738925
118739069
11873914X
118739530
118739549
118739840
118739905
118740016
118740091
118740180
118740504
118740512
118740709
118741381
118741837
118742159
118742175
118742183
118742361
118742507
118742930
118743228
118743368
118743430
118743740
118743996
118744305
118744615
118744771
118744992
118745239
118745263
11874528X
118745328
118745638
118746324
118746812
118746928
118746960
118747118
118747355
11874836X
118748394
118748602
118748998
118749005
118749218
118749382
118749420
118749455
118749625
118750410
118750518
118750682
11875081X
118751034
118751085
118751476
118751522
118751611
118751719
118751735
118751883
118752162
118752472
118752715
11875288X
118753584
118754270
118754351
118754599
118754815
118754866
118755285
11875534X
118755544
118755730
118756125
118756370
118756508
118756877
118757156
118757598
118757709
118758209
118758330
118758349
118758357
118758896
11875940X
118759795
118760130
118760564
118761714
11876196X
118762494
118762672
118762877
11876294X
118763032
118763202
118763725
118763865
11876439X
118764659
118764888
118765671
118766422
118767208
118767240
118767461
118767550
118767909
118768158
118768417
118768522
118769014
118770241
118770403
118770454
118771175
118771841
11877185X
118772376
118772392
118773178
118773348
118773534
118773607
118773674
118773720
118774034
118774352
118774468
118774611
118774735
118774816
118774875
118775391
118775472
118775553
118775731
118775766
118775820
118775952
118776088
118776223
118776371
118776517
118776630
11877672X
118776746
118776754
118776762
118776770
118776797
118776800
11877722X
118777572
118777599
118777734
118778099
118778420
118778463
118778471
118778595
118778811
118778927
118778994
118779141
118779362
118779516
118779710
118779966
118780026
118780042
118780077
118780107
118780115
118780530
118780549
118780689
118780700
118780719
118780727
118780735
118780743
118780808
118780999
118781197
118781413
118781618
11878174X
118781863
118782037
118782452
118782835
118782843
118782851
118783041
118783270
118783548
118783726
118783823
118783858
118783866
11878420X
118784595
118784714
118784749
118784803
118784811
118784854
118784900
11878496X
118785214
118785419
118785516
118785648
11878580X
118785931
118786032
118786253
118786687
118786695
118786792
118787357
118787411
118787519
118787675
118787764
11878787X
118787888
118788124
118788159
118788353
118788442
118788604
118788655
11878885X
118789023
118789058
11878935X
118789511
118789554
118789813
118789910
118790129
118790439
11879096X
118791001
118791060
118791109
118791141
118791605
118791621
118791842
118791850
118792032
118792393
118792415
118792423
118792431
118792555
118792628
118792733
118792822
118793292
118793675
118793977
118794078
118794116
118794264
118794280
118794396
11879440X
118794426
118794604
118794973
11879535X
118795740
118795899
118795937
118796046
118796224
118796291
118796976
11879714X
118797255
118797476
118797697
118797999
118798030
118798502
118798545
118798634
118799096
118799185
11879924X
11879938X
11879941X
118799487
118799517
11879969X
118799703
11880099X
11880152X
118801600
118801937
118802380
118802828
118802968
118803034
118803417
118803530
118803697
118803824
118803859
118803921
118804111
118804243
118804618
118804928
118805193
118805495
118805568
118805576
118805754
118805762
118805975
11880605X
118806076
118806262
118806491
118806645
118806653
118806696
118806823
118807250
118807331
118807935
118808265
118808443
118808591
118808613
118808745
118808761
118808818
118809199
118809962
118810936
118812092
118812343
118812645
118814206
118815741
118816020
118816683
118816829
118817272
118817310
11881740X
118818449
118819623
118819712
118820206
118820214
118820281
11882046X
118820613
118820729
118822713
118822748
118822837
118823663
118823795
118824759
118826085
118826352
118826409
118827138
118827839
118828363
118828371
118828460
118828622
118828630
118828657
11882872X
118828991
118829505
118829998
118830643
11883083X
118831208
118832085
11883214X
11883231X
118832832
118834320
118834460
118834487
118834568
118834657
118834746
118834770
118834797
118834886
118835262
118835432
118835440
118835556
118835696
118835769
118835815
118836595
118836684
118836854
118837036
118837125
11883715X
118837206
118837249
118837265
118837273
118838636
118838709
118840266
11884041X
118840428
118840436
118841378
118841726
118841866
118843680
118843761
118843842
118844105
118844784
118845977
118846027
118846264
118846787
11884704X
118847317
118847767
118849263
118849301
118849549
118850385
118852116
11885237X
118852523
118852787
118852892
118853104
118853740
118854879
11885500X
118855212
118856189
118857312
118857444
118857673
118858955
118859617
118859927
118860143
118862383
118864106
118864513
118865838
118865900
118866346
118868217
118869833
118869965
11887036X
118871331
11887201X
118872508
118873415
118873865
118874195
118874233
118874268
118875329
118876368
118878549
11887862X
118878689
118879294
118880349
118880632
118880640
118881094
118882503
118882538
118882929
118882945
118883151
118883933
118884352
118884441
118884840
118886207
118886339
118886517
118886754
118888536
118888544
118888811
118890751
118890980
118890999
118891456
11889157X
118891804
118891863
118892177
118892312
118892703
11889272X
118892959
118893300
118893432
118894110
118895931
118896156
118896229
118896644
118897926
118898205
118899872
118900919
118900927
118901125
118901664
118901842
118902288
118904043
11890406X
118904299
118904418
1189076624
118907832
118907883
118907948
118908154
118909924
118909932
118910884
118910906
118910981
118911481
118911546
118911759
118912674
118912860
118913816
118913905
118914014
118914022
118914030
118914448
118916548
11891779X
118918540
118918877
118919415
118919466
118919520
118919830
118920588
118921045
118921584
118924060
118925059
118925113
118927140
118927302
118927574
11892883X
118929100
118929941
118930192
118930249
118930915
118931091
118934791
118935585
118936301
118936786
1189378086
118938096
118938363
118938436
118938886
118939483
118939580
118939734
118940538
118941224
118941232
118941976
118943456
118944606
118946099
118946234
118946269
11894696X
118947176
118947648
11894780X
118947931
118949373
11895220X
118952269
11895363X
118955314
118955748
118955918
118956639
118956817
118957732
11895797X
118958690
11896030X
118960350
118960709
11896142X
11896206X
118963287
118963600
118963791
118964380
118965123
118966928
11896710X
118967436
118968343
118968416
118968580
118968696
118968920
118968998
118969137
118969781
118970119
118970569
118970976
118971263
118971328
118971956
118973037
118973401
11897341X
118973436
118973916
11897436X
118974947
118976435
118977156
118977261
118977326
118977350
118977547
118978055
118978128
118978675
118978780
118980653
118981137
118982788
118983245
118983318
118983334
118983431
118983598
118984144
118985418
118985981
118986120
118987224
118987437
118988328
118989758
118989812
118989863
118990209
118990233
118991779
118993186
118993631
118993895
1189943565
118995219
11899610X
118997726
118997858
118998218
118998420
11900044X
119000512
119000776
119002043
119002205
119006472
119006634
119006782
119006944
119007398
119007509
119007754
119008017
11900951X
119010186
119011395
119011875
119013622
119013797
119014459
119015056
119019116
119019264
119019752
119020017
119020157
119020289
119020572
119021048
119022524
11902313X
11902327X
119024098
119024144
119024268
119024284
119024845
119025272
119025299
119027275
119027690
119028824
119030209
119030284
1190320304
119032082
119033607
119034514
119034921
119036037
119036495
119038196
119041545
119041626
11904238X
119043726
119044021
119044048
119044706
119045281
119046547
119046806
119046857
119047993
119048833
119050870
119051281
119052636
119053322
119053454
119053977
119053985
119055031
119055252
119056437
119056569
119059126
119059460
119059495
119059614
119059622
119059800
119060485
119060558
119061961
119062518
119062887
119063239
119064162
119064332
119064715
119064723
119065126
119065754
119065932
119067501
119068656
119069385
119070081
119070758
119070766
119071029
119071053
119071126
119071339
119072432
119072866
119073838
119075636
119075962
119076675
119077345
119077647
11907771X
119078244
11907835X
119078880
119079178
119079194
119080184
119080419
119080893
119080958
11908144X
119082624
119083450
1190851725
119086204
119086395
119087138
119087758
119088665
119090856
119091771
119091879
119092085
119092603
119093502
119094479
119094975
119095025
119095092
119095548
119095939
119097060
119098903
119099284
119099950
119100320
119100703
119101262
119103427
119104385
119105691
119106868
119107996
119108232
119108542
119111152
119111918
119112590
119114119
119114283
11911433X
119115549
119115824
119117304
119117851
119117991
119118157
11911884X
119120674
119120712
11912081X
119121204
11912288X
119124092
119126974
119128780
119130025
119130726
119130947
119131285
119131994
119132893
119133660
119135272
119135361
119137356
119137739
119139162
119139170
11913988X
119140268
119141574
119142120
119142511
11914364X
119143801
119144573
11914462X
119144646
119145596
119146193
119147262
119148250
119148668
119149494
119150182
119150263
119150867
119151790
119151928
119154161
119155338
119155419
11915711X
119160323
119160978
119161060
119162547
119163861
119164248
119164434
119165198
119165457
119165953
119165961
119168774
119171082
119171627
119172798
119174383
119175800
119176629
119176637
119176645
119177269
119177315
119177447
119177579
119178958
119179164
119179466
119179547
119180200
119181304
119181355
119181495
119182564
119183471
119184958
11918530X
119185806
119186640
119187175
119188325
119188333
119188945
11918902X
119189550
119189747
119190230
1191914895
119192675
119192888
119193833
119193957
11919404X
119194058
119194406
119195267
119195909
119195976
119196948
119200414
119200767
119201623
119202077
11920245X
119203588
119204819
119206064
119206080
119206110
119207826
119208210
119208792
119208814
119209136
119209721
119209853
119209993
119210517
119210983
119212064
11921332X
119213567
119214644
119215152
119217139
119217597
119221292
119221314
119222396
119222450
119222701
119222841
119224364
119226014
11922691X
119226987
119227568
119229196
119229692
119230941
119233096
119233460
11923632X
119237512
119237644
119238209
119240106
119240874
119241161
119241676
119241722
119241811
119241838
119242265
119242419
119242427
119244055
119244292
119244837
119244845
119244853
119246007
119247194
119248123
119248166
119248972
11925011X
11925476X
11925509X
119255146
119256754
119256908
119258064
119259737
119259745
119260247
119261197
119262797
119263130
119264900
119265168
119265761
119265931
119267632
119268906
119271001
119272555
119272946
119273950
119274787
119275309
119277557
119279797
119281384
119281678
119281899
119283301
119283425
119284863
119284936
119285428
119285533
119287196
119289474
119290286
119291320
119291827
119292203
11929463X
119296764
119297531
11929771X
119299747
119299941
11930242X
119303108
119303973
11930466X
119306867
119307421
119308339
119311593
119314088
119314355
11931438X
119314630
119314851
11931486X
119314878
119316471
11932055X
119320827
119322366
119322870
119323087
119328313
119329611
11933075X
119332531
119333643
119333821
119333910
119334690
11933643X
119336839
119337630
119338882
119341425
119344475
119344483
119349248
119351463
119352540
119355396
119356015
119356392
119357550
119357577
119357585
119357917
119363577
119364875
119367459
119367475
11936929X
119369303
119369702
11936977X
119372312
119372398
119372819
119373777
119374242
119374862
11937627X
119380269
119382091
11938213X
119382989
119383268
119383845
119384256
119385791
119388871
11938888X
119389118
11938955X
119389894
119390590
119392526
119396181
119399679
119400839
119402688
119405423
119406810
119407272
119408007
119408163
119409836
1194105696
119412012
119412616
119413736
119414651
119421488
11942388X
119426129
119427672
11942889X
119429411
119430797
119431262
119431874
119434660
119435810
119436744
119438747
11943881X
119441020
119441969
119442027
119443546
119443759
119446715
119447568
119451840
119452995
119454874
119455293
119455803
119456168
119456575
119456958
119459825
119460262
119462737
119465639
119465744
119468271
119468832
119468875
119469057
11946960X
119471205
119471345
119471922
119474492
119474891
119475804
119476916
119479303
11948174X
119481758
119482231
119482975
119484129
119484420
119484447
119484668
119485125
119485680
119487403
1194877532
119488930
119489268X
11948952X
119489694
119490609
11949096X
119493306
119494523
119496313
119497468
119498162
11949826X
119498537
1195005148
119501279
119502267
119502712
119503069
119504707
119509113
1195096321
119509733
119510731
119511258
119512742
119513048
119515865
119523981
119524759
119531224
119532077
11953391X
119534452
119534878
119536560
119538121
119539780
119540355
119540363
119540789
119540797
119541076
119542315
119544687
119545195
119545209
119545411
119546256
119547317
119547791
119547937
119547961
1195485352
119549123
11954931X
119550660
119550989
119554755
119555557
119558718
119559250
11955948X
119559811
1196027099
1196054436
119622769
119625261
1196285950
1196310645
119665441
1196841500
11970904X
119716362X
119727412
119762889
1197837744
119798921
119828935X
119962537X
120007754
120010887
120016788
120018551
120031027
120033356
120038617
120040050
120052539
120054876
120063913
120065398
120070049
120076721
120079437
120082268
1200902041
120097249
120100045
120105659
120110210
120115530
120125897
120134306
120136325
120137119
120137879
1201436567
120151006
120151677
120158388
120159562
12016261X
120166658
120168081
120186845
120187582
120193795
120215772
120218062
120219719
1202480004
120251922
1202558100
1202742106
120278952
120307790
120310805
120319578
120320207
120340178
120341479X
120342545
120345927
1203570686
120360047
120362643
120388286
120388642
1203912439
120395215
1204065403
120416689
120440881
120459175
120467129X
120468409
120480069
120480301
120491931
120491982
120494315X
120494663
120500310
120526301
120530635
120532549
120533251
120538229
120559471
120564939
1205765085
120578328
120587270
120595214
120602172
120607204
120620707
120631563
12063774X
120637774
120638169
120640945
120656906
120665336
120668696
120677563
120690020
120695367
120696347
12070465X
120709996
120726912
120736268
120740508
120746921
1207510149
120753243
1207532487
120763516
120773163
120785307
120804735
120815893
120817063
120817365
120825961
120831740
120864797
120864851
1208946099
1208948881
120898306
120905434
120909170
12091008X
120911167
120914751
120915847
120922951X
120934434
120955059
120956136
120963914
120965828
120972638
120977354
120994402
120994666
120995875
1209982145
121002543
121003981
121007472
121012638
121019519
121024210
121037622
121043878
121044386
121056961
121057623
121058891
121064603
121065421
121083128
121088014
12108972X
121094111
12109488X
121095401
121096246
121097552
121098982
121104079
121110559
1211206157
121136574
121151816
121158160
121159175
121160440
121164160
121164527
121166341
121170020
121172597
121173186
121175782
121175855
121179133
121182258
121191354
121193047
121195147
121199711
121217760
121239985
12124749X
121250695
121253465
121254305
121256545
1212620127
12128526X
121286673
121303829
121305341
121306127
121306151
121320936
121320987
12132141X
121332276
121336921
121340686
1213547946
121364976
12136982X
121386597
121401448
121401529
121433773
121437973
121456935
121461491
121463354
121463486
121473880
121485641
121486222
121496430
121500403
121505138
121511057X
121514129
121514226
121525449
121526216
12154107X
12154219X
121551075
1215512082
121561445
12157587X
121585778
121589811
121599043
121602540
121613879
121619788
121619869
121620166
121623475
121624013
121635341
121635775
121636356
121652998
12166404X
121667715
121671992
121672962X
121673332
121673391
121675076
1216928-6
121701573
121702197
121714853
121718190
121724522
121733394
121733599
121745783
121751627
121760642
121772624
121776743
121780759
121795039
121813738
121822036
121823768
121838951
121845990
121849058
121849341
1218564296
121858472
121865754
121890198
121893537
121894274
121894290
121906914
12190816X
121922235
121924548
1219304646
121930882
121932508
121951855
121955184
12196695X
121978311
121978788
121978877
121987000
121995569
121998630
122000064
122003004
122008332
122011368
122011449
12201149X
122011635
122015355
122017323
122017358
12201894X
122019687
122020944
1220237426
12202690X
122027124
122027248
122028082
122030915
122032330
122035143
122036182
122038355
122038754
122040961
122041119
12204567X
122045742
122052919
122053060
12205315X
122057279
122063317
12207114X
122071247
12207288X
122074041
122075412
122075560
122075854
122076044
122076311
122076354
122076419
12207937X
122080963
12208909X
122093798
122094204
122098994
122101359
122114663
122119363
122125312
122126475
122130944
122131924
122132807
122143892
122144651
122145100
12214516X
122148606
122148649
122150554
122154770
122165403
122165446
122165462
122166426
122170792
122170849
122177886
122180488
122181123
122181263
122183843
122184572
12218517X
122185579
122205308
122206975
122214803
122218434
122224353
122224655
122232054
122232518
122235401
122235800
122235894
122243234
122246705
122246918
122252330
1222557460
122259793
122259998
122262727
12226648X
122266994
122268857
122269071
122269950
122293665
122293738
122296435
122296931
122297229
122316924
122320816
122331915
122337409
122338499
122340566
122343786
122372948
122373952
122377842
122381335
122384148
122384865
122386655
122387538
122388186
122391047
122410769
122413423
122414217
122414721
122424417
122446879
122448480
122449568
122466705
122467655
122475127
122477863
122495772
122500776
122503651
122506979
122509005
122516664
122520416
122521307
122521625
122525663
122530888
122533194
1225360730
122544358
122544420
122547659
122550218
122560035
12256975X
122576217
122581792
122581830
122582519
122583035
122583787
122588843
122594649
122616103
122623282
122629825
122635388
122651634
12265501X
122656849
122657322
12265739X
122657403
122661036
122666372
122673093
122685733
12271184X
122711882
122714024
122714806
122718143
122723228
122723856
122726480
122727754
122730054
122732790
122748255
122748883
122749715
122750616
122755340
122755383
122755464
122758749
122760506
122760808
122765001
122767306
122768132
122776178
122781961
122785703
122786637
122801636
122805291
122806670
122810627
122810775
122811143
122818539
122820347
122820487
122821831
122823583
122824458
122828011
122829867
122834283
122834402
12283447X
122834585
122834593
122834658
122834674
122836510
12283710X
122837339
122837606
122837916
122845676
122846915
122850297
12285490X
122883055
122883098
122897811
122899393
12289944X
122899539
122901584
122909976
122912179
122912225
122914074
122934172
122939131
122944909
122949722
122952340
122955986
122957571
122958977
122961714
122962060
122963385
122963482
122966996
122968824
122968840
122970470
122970535
122975707
122979028
122986547
122988426
122989945
12299468X
122996399
123009456
12301011X
123011922
123016916
123017416
123017548
123018455
123018498
123018536
123018587
123018897
123031427
123032296
12303566X
123036267
123038162
123044677
123045037
123045347
123052483
123052777
123055113
123055199
123058996
123076439
123078369
12308007X
123082307
123082420
123082897
123082978
123083028
123083052
123083109
123086590
123087465
123090393
123091047
123091063
123093910
123097061
123097568
123097711
123097843
123097916
123097924
123097932
123102618
123105609
123115027
123115876
12312798X
123128358
123138140
123149924
123153484
123153506
123154405
123160847
123162939
123164664
123165474
123166349
123168430
123168821
12316883X
123176344
12318441X
123185823
123186366
12319007X
123190142
123192862
123203635
123206006
12320660X
123206634
123207606
12321940X
123219450
123220610
123220998
123230829
12323946X
123242630
12324272X
123248515
123249090
123249155
123249244
12325079X
123251974
123254760
123258685
123258804
123259967
123260108
123264456
123264502
123291607
123301319
123301351
123302846
123303362
123312000
123313848?
123325633
123325749
123330653
123330688
123333601
123333741
12333375X
123338328
123338530
123338557
123338581
12333859X
123338646
123338670
123338697
123345537
123345596
123354471
12337944X
123379555
123379636
123380103
123380227
123380464
123380588
123381789
123381843
123383404
123386004
123397316
123399440
123405238
123405351
123407427
123414245
123414253
123416221
123429145
123429544
12343503X
123442508
123445493
12344960X
123458595
123458625
123463688
123468493
123481708
123494265
123494370
123494397
123495148
123495849
123497507
123502160
123504511
123512093
123513227
123515750
123529379
123531985
123540313
123562465
123566371
123568072
123581478
123589797
123592623
123598540
123599733
123599873
123602378
12360978X
123610311
123620805
123621437
123622085
123625505
123633648
123634717
123635500
123645336
123652677
123653703
123657105
123662982
123663032
123663075
123667437
123672678
123680735
123688558
123700035
123715547
123739616
123748402
123757606
123763061
123765161
123767245
123773431
123774896
123779383
12378767X
123809517
123816637
123823218
123825547
123825792
123826039
123852889
123861039
123862604
12388067X
123887666
1238931553
123901839
123902592
123922240
123943140
123945011
123957648
123958679
123961572
123962587
123966833
12396685X
123974461
123977827
123983150
123984599
123984890
123989582
123992338
1239983018
123999723
123999812
124000452
124005314
124006116
124010229
124014100
124014259
124014291
124014348
124016022
124016553
124016626
124017274
12401741X
124019668
124020097
124020216
124020240
124020313
12402145X
12402162X
124033385
124036465
124042627
12405532X
124067816
12408298X
124101070
124118895
124134203
124145663
124154093
124162789
124162932
124162975
124164285
12416465X
124164943
124165044
124166083
124166385
124167691
124173160
124173209
124174760
124192262
124194516
1242015817
124211615
124222463
124226752
124237320
124237398
124247792
124249264
124252982
12426607X
124269931
124270441
124274714
12427563X
124288502
124288839
124290035
124290736
124290817
124295916
124305539
124315283
124315356
124315364
124317197
124318134
124318460
124318746
124318940
124319858
124320376
124322026
124326080
124326765
124329551
124330568
124332773
12433539X
124335756
124336086
124336299
12433833X
12433895X
124339522
124344739
12435159X
124351891
124355897
124363075
124363261
124366716
124368611
124368891
124369235
124371752
124372821
124373674
124376142
124376185
124377114
124377378
124380867
124381340
124381635X
124382445X
124384072
124384722
124386121
124387098
124387497
124391397
124391591
124391834
124397042
124397573
124397646
124401643
124404057
124404111
124406076
124407374
124408613
12440961X
124409628
12441446X
124414559
124416519
124417957
124418155
124418236
124418422
124421490
124421539
124424643
124425054
124427987
124428592
12442869X
12443245X
12443262X
124432743
124433650
124444822
124447740
124455298
124455336
124455700
12445917X
124493238
124494498
124498302
124510175
124510205
124518478
124520073
124523544
124533884
124536794
124548245
124550517
124567800
124570984
124571212
124577466
124578160
124580254
12458134X
124583105
124588026
124606989
124611613
124613209
124622397X
124627315
124639283
12464287X
124653618
124655661
124660584
124662544
124664180
124664555
124665837
12466587X
124668526
12466900X
124671047
124680313
12468324X
124686516
124692133
124700470
124701930
124702686
124707777
124708390
124712738
124721583
124722407
124730116
124730264
124731864
124742386
124746012
124750869
124757960
12476116X
12476780X
12477055X
124774075
12478836X
124791670
124794815
124804837
124805884
124806295
124810039
124817556
124827047
124827144
124831311
124833004
124842364
124843778
124865070
124865844
124866565
124866719
124885020
124889328
124889778
12491571X
124915744
124924719
124931812
12493191X
124944647
124965121
12497452X
124975976
12498407X
124984452
124986269
124986366
124997678
125002203
125845634
126228981
126291381
126422524
126445990
126448140
126563233
126832293
127004076
127028099
127283943
127576428
127577246
127631380
127825118
127853596
127881506
127929843
127961887
128099879
128276088
128347856
128357630
128368268
128374357
12837859X
128379839
128380586
128386495
128389222
128404140
128415851
128430087
128432063
128442980
12844651X
128461500
128465085
128466669
128481404
128486155
128490012
128503580
128508175
128508523
128514051
12851924X
128523883
128535741
128541482
128550953
128554665
128559152
128571748
128575514
128575840
128576847
12857755X
128587725
128588365
128588446
128598360
128610212
128624280
128647590
128653426
128653965
128655186
128655321
128660848
128665904
128670606
128674342
128679301
128683589
128684224
128685417
12869016X
128694378
128694459
128694491
128698233
128698373
128699876
12870506X
128705353
128711663
128713488
128716517
12872062X
128728760
128732342
128737069
128752386
128756438
128756527
12876340X
128768533
128772700
128788119
128794437
128802804
128812524
128814365
128816554
128816686
128821728
128821930
128822678
128830689
128832290
128837403
128842237
128845554
128849150
128853034
128854243
128854359
128854723
128855339
12886267X
128863587
128868929
128870036
128871202
128873868
12887418X
128874546
128877928
128881534
128882905
128893540
128898860
128908467
128914696
12891971X
128935014
128938811
128943467
128957921
128960620
128962321
128963867
128979968
129000817
129012327
129012343
129028584
129028975
12904217X
129042951
12904363X
129047015
129056774
129057959
129059889
129060690
129063800
129068403
12907179X
129073601
129084964
129085367
129098175
129100080
129100730
129101370
12910356X
129108693
129108979
129112348
129112364
129113727
129114669
12911491X
129115029
129115460
129115991
129117056
129123765
129128627
129149071
129149713
129154121
12915718X
129168092
129173533
12917355X
129174572
129178829
129182362
129182753
129182834
129183172
129183210
129187941
12918814X
129202193
129209317
129216038
129229563
129232858
129233307
129247448
129248851
129249025
129250988
129252301
129253286
129253960
129253987
129254185
129267724
129269336
129269883
129270172
129270784
129273961
129287679
129290270
129294640
129294845
129303836
129308838
129310840
129328901
12935239X
129358924
129364940
129365122
129367435
129388513
129391255
12939209X
129395641
129402729
129408328
129420298
129422029
129424021
129424749
129455628
129458139
129459550
129462438
129462969
129471372
12947486X
129490407
129505919
129510238
129520136
129521396
129536873
129548308
129565148
129580732
129584371
129605603
12960786X
129607959
129615552
12962683X
129630403
129641685
12964658X
129674850
129683825
129685844
129688088
129691356
129694347
129700347
129700606
12970928X
129709395
129711411
129717134
129725102
129725331
129726990
12973120X
129732915
12973960X
129756210
129766909
129768049
129768138
129782793
129786470
12979256X
129794848
129809454
129812943
129828777
12983582X
129841188
129841293
129841315
129850233
129856053
129858595
129868353
129869465
12988054X
129884294
12989432X
129896012
129897744
12990578X
12992766X
129927961
129937061
129942235
129942499
129971359
129978175
129978469
129985694
12999457X
130026034
130028142
130038296
130040509
130045306
130046809
130051969
130054275
130057576
130072109
130099031
130099112
130099392
130100757
130101931
130104256
130109002
130118257
130123552
13012673X
130126780
130130699
130139270
130139300
130143340
130149551
130153672
130161012
130162302
130177199
130180491
130184357
130200875
130227730
130234168
130238422
130238864
13024449X
130249424
130249823
130250856
130253219
130255181
130255599
130263400
13026833X
130268917
130268976
130268992
130270601
130273856
130284106
130294527
130296430
130306584
130316091
130322504
130328219
130340766
130346217
130356840
13035743X
130359726
130361658
130368741
130368792
130378534
130380296
130381977
130388254
130392979
130407399
130439983
130466174
130469521
130472158
130483664
130493562
13049416X
130494305
130494836
130496340
130500208
130513369
130514802
130531324
130533831
130549495
130553387
130561819
130565393
130588423
13058861X
130596795
130599093
13060013X
130606928
130624004
130627461
130635731
130656267
130660841
130827444
130829005
130829773
130832901
130840025
13084215X
130867314
13086983X
130870072
13087308X
131368265
13137592X
131380958
131382721
131383922
131383973
131388983
131406035
13142744X
131428950
131433008
131445995
131447416
131494465
131502719
131502743
131502786
131504029
131507761
131518232
13152819X
131528610
131536362
131543512
131553488
131559893
131568647
13157485X
131591754
131599224
131600230
131600729
131617745
131619403
131623338
131624806
131645196
131666150
131703439
131704192
13172424X
131724576
131729888
131730886
131732951
131733001
131733028
131734350
131737805
13173797X
131753762
13179955X
131801732
131817302
131857770
131858947
131867814
131877917
131893823
131893866
131894188
131894285
131894439
131894498
131894765
131911252
131929577
13196352X
131968963
131974858
132020262
132020408
132041057
132067773
132075806
132085534
13209360X
13209696X
13211190X
132142805
132143364
132143712
132146479
132158922
132160331
132166380
132166704
132181622
132188414
132201143
13221573X
132216736
132223848
132242761
13224795X
132248077
132248786
132248832
132249596
132249790
132252082
132260298
132271680
132278448
132279029
132279762
132290812
132292602
132301849
132310317
132316307
13233612X
132343762
132366126
132366339
132368501
132374412
132377527
132380080
132395959
132399067
132399741
132399857
132399946
132402211
132415658
132420945
132430185
132433249
132460319
132468743
132471841
132472643
132476029
132487179
132507714
132511762
132513471
132514494
132514583
13251477X
13251530X
132515369
132515393
132516012
132521547
132522349
132522764
132526255
132527340
132527782
132541823
13254556X
132552272
132552671
132552736
132559900
132584611
132586746
132592916
132599007
132605872
132609053
132643987
132654571
132664542
132673592
132678527
132690616
13269493X
132708906
132715414
132719908
132727110
132738120
132746999
132754509
132771616
132780631
132796406
132800004
13281837X
13282289X
132840936
132849356
132860821
132862573
132862832
132877783
132880903
132889579
132890836
13291316X
132913658
132964376
132969815
132992183
132995603
133027007
133027236
133029794
133031411
133031454
133040895
133067475
133067521
133078612
133085171
133112713
133115283
133119289
133146154
133158810
133160785
13316134X
133193977
13320703X
133207366
133231038
133232670
133233170
133241475
133252930
133252973
133258947
133272605
133274292
133288463
13329028X
133306100
133320650
133338304
133368017
133372790
133404862
133415937
133433722
13343575X
133437280
13344399X
133446417
133457885
133466264
133498050
133506797
133508951
133521915
13355886X
133560953
133561763
133572404
133572846
133606457
133621103
133644618
133647943
133663442
133666735
133669270
133698912
133711366
133778061
133811379
13381436X
133824799
133831590
133831647
13383946X
133852644
133855376
133871150
133872181
133882918
133890589
133903060
13390380X
133903826
133921700
133942600
133943127
133944085
13395546X
133998169
134004655
134008707
13401555X
134020642
134066502
134073460
134093879
134104900
134105001
134106997
134107284
134111664
134167023
134185307
134186931
13421319X
134217373
134237358
134247205
134250257
134277406
134302664
134333179
134924924
135532639
135535964
135544246
135547156
135547431
135548829
135553725
135560802
135568269
135570522
135574900
135593034
135594200
135631181
135631270
135648033
135671140
135672325
135678226
135684250
135694515
135697875
135718627
135718694
135719747
135722462
135728002
135729378
135739918
135751667
135755018
135767911
135783232
135787807
135794870
135796024
135852544
135854199
135862493
135870224
135889502
135892295
135895014
135904943
13590515X
135907861
135923999
135925606
135931517
135935806
13594421X
135959810
135965233
135999499
136000223
136008739
136010997
136021123
136021190
136021646
136025552
136032788
136044743
136054307
136069053
136070116
136090508
136096093
136107842
136109705
13611413X
136131972
136132243
136169163
136180035
136186866
13619222X
136208010
136214142
136214347
136244750
136247830
136255655
136260764
13627059X
136271006
136325203
136343716
136351719
136358756
136358888
136396844
13642659X
136431070
136434584
136439764
136459765
136469663
136470076
13648073X
136481000
136560717
136575420
136586791
136590306
136595944
136596673
136618790
136621023
136625193
136639844
136642802
136667031
136679366
136690505
136697925
136708676
136735207
136760287
136765955
13677959X
136793517
136840736
136851126
136889492
136902332
136923283
136923534
136924190
136924565
136953247
136979092
136979904
136985033
13699430X
137005776
137011059
137036280
137039417
137079044
137093594
137160100
137198515
137202482
137213166
137216181
137228120
137291582
137310358
13732524X
137325762
137327617
137337604
137338902
137338996
137339186
137339836
137341016
137341148
137350554
137350872
137353766
137360010
137371675
137373260
137374437
137388292
137397216
137401493
137423128
137435193
137456972
137488572
137504683
137512716
137530285
137531311
13753468X
137579543
13759318X
137654944
137669380
137672101
137672853
137673620
137699557
137731000
137732465
137746806
137750781
13777317X
137838239
13783831X
137838409
137838573
137839944
137844441
137844662
137844743
137855060
137888686
137896646
137922035
137946635
137967640
137976003
137976844
138003343
138003610
138004366
138027013
138058415
138073228
138085803
138092354
138130469
138135576
138141-6
138150-7
138168792
13818271X
138225257
138233616
138244995
138302669
138332363
138334501
138342717
138348200
13835085X
138353816
138357129
138367736
13837192X
138374260
138374325
138381062
138386161
138398453
138417989
138421374
138422230
138422737
138426910
138453306
138459789
138466521
13846894X
138469784
138469881
138496439
138524653
138541442
138541450
138541922
138567158
138573433
138575363
138596344
138598010
138604088
138620725
13867440X
138674426
138693498
138707812
13872833X
13873576X
138743800
138744068
138752222
138775796
138778582
138779090
138786992
138787174
138787832
138806152
138806802
138806918
138807159
138807248
13882116X
138828415
138828733
138840180
138854645
138855099
138863660
138866945
138887004
138887993
138892652
138892970
138893519
138893659
138914311
138923302
138925127
138933030
138937273
138939446
139010300
139044310
13905863X
139063749
139064125
13907807X
139078126
139078177
139081852
139081887
139081895
139082670
139083855
139084339
139085300
139095160
139095349
13910321X
139103287
13910724X
139109439
139110585
139112669
139140522
139142592
139160647
139172807
139187375
139195521
139237445
139244352
139249338
139264620
139264787
139264825
139264973
139266054
139276653
139284656
139303669
139344330
139358226
139407855
139439749
139479996
139483721
139486747
139517774
139531327
139538429
139563466
139571914
139610618
139616969
139628479
139637532
139638628
139711953
139771174
139776281
139816364
139858083
13993717X
139965513
13998643X
139993738
139994432
140011560
140030379
140095330
140193472
140224319
140243690
140252150
140298347
140378081
140391843
140396209
140397477
140438149
140563199
140568204
140601201
140608141
140611835
140628479
140654887
140690263
140770070
140808736
140810390
140828974
140835652
140873538
140940553
141000570
141016213
141077395
141096063
14113402X
141186348
141325402
141334355
141370130
14141636X
141460911
141464062
141490152
141498943
141499680
141500123
141509880
141530014
141557192
141567597
141601876
141615427
141647507
141652233
141678305
141678615
14171719X
141717556
141718765
141754060
141755393
141838582
141853654
141862645
141890061
141894792
141956895
141989505
141993189
14199391X
142000183
142020672
142028533
142185701
142192236
142260665
142298441
142403741
14241851X
142432970
142437476
142446548
142456047
142462780
142489042
142495948
142507997
142508527
142517410
142530905
142533696
142538213
142538655
142539058
14253935X
142540501
142551163
142551228
142560057
14256141X
14257368X
142574864
142605131
142652180
142671150
142707007
142714739
142721921
142732516
142743216
142744298
142760919
142761125
142795704
142799114
142811424
142840114
142874698
142886610
142898783
142902225
14291326X
142932175
142937967
142968609
143000357
14301630X
143023012
143047086
143050966
143053949
143166743
143173235
143180118
143210920
143239511
143264656
143266365
143286048
143305778
143313622
143339826
143423096
143454153
143456415
143456903
143480456
14349662X
143502549
143513982
143514849
143515470
14352383X
143523937
143536400
143585800
143606689
143627406
143633821
143636332
143638211
143655337
143655426
143656813
143676989
143680439
143682466
143685376
143691678
143692658
143725068
143727834
143775138
143775936
143779923
143797379
143798294
143806300
143811657
143816462
143824236
143858580
143870947
143871455
143873652
143906666
143909274
143913158
143924338
143942565
143958674
143959298
143987038
14400111X
14400349X
144023199
144048426
16005128-9
16013690-8
16038405-9
16069828-5
16108446X
161106102
16114819-0
16133719-3
172090245
172228964
172299012
172335949
172455790
1725
173123953
173147763
173183646
173285252
17328874X
173288758
173289371
173340636
173355188
173635628
173872131
174136196
174140711
174152078
174156545
174159420
174164513
174184522
174194250
17419594X
174196652
174212526
174221215
174221703
17422723X
174235305
17426397X
174270607
17428487X
174290691
17429882X
174299559
174299672
174302762
174303815
174304811
174305990
174315309
174331592
174348517
174364334
174377002
179233572
179525743
188393609
188428518
188430911
188432116
188433910
188434089
188435514
188439714
18845909X
188467033
188485376
188485570
189174447
189421363
189436700
189470348
189515651
189532912
189549661
189551283
189557303
189574542
2005573-0
2010284-7
2010996-9
2030321-X
2051752-X
2062458-X
2168247-1
2175931-5
24345-0
253261-X
4078411-3
4098323-7
4264095-7
4639231-2
483264245
5010278-3
5110930-X
5129555-6
5179174-2
5303552-5
5350738-1
5567916-X
6145307-9
6145517-9
6145628-7
6145776-0
6146255-X
6146596-3
6147009-0
6147278-5
6147288-8
6147369-8
6147451-4
6147475-7
6147586-5
64386-5
6517954-7
714621544
7695871-1
7857378-6
