#FORMAT: BEACON
#PREFIX: http://d-nb.info/gnd/
#VERSION: 0.1
#TARGET: https://www.bach-digital.de/gnd/
#FEED: https://www.bach-digital.de/beacon.txt
#INSTITUTION: Bach-Archiv Leipzig
#NAME: Bach digital
#DESCRIPTION: Works and persons in Bach digital
#TIMESTAMP: 2019-10-18
1169755852
1169833950
1169834248
1169834515
1169835929
300007523
30000754X
300007574
300565828
300940343
300006764
300006772
300006780
300006799
1163766496
300006802
300194773
300006829
300006837
300007493
300007507
300007515
1031822380
1160248729
300006845
300006853
300006861
300006888
30000690X
300006926
300005032
300006934
300006942
300007302
300007310
300007329
300007337
300007345
300007353
300007361
300007280
300007299
300007426
1160900655
300007434
300007442
300007450
300007469
300007485
30000737X
300007396
30000740X
300007132
1160525153
300007140
300247648
300007159
300654286
300007167
300007175
1160546061
1031822291
300481128
300007191
300007205
300007221
30000723X
300007248
300007256
300007264
300007272
300560036
300006950
1160262470
300006969
300006977
1160269998
1160275017
300006985
300006993
1160490732
300007019
1160491305
300007027
300007035
300007043
300007078
300007086
300010869
300007108
300007124
300668902
300007868
300007876
116137261X
300007884
300007906
300007914
300007922
300007930
300007949
300007957
300007965
300007647
300007655
300007663
300007973
30000768X
300007981
300007701
300008007
300008015
300008023
300008031
30000804X
300008058
300008066
300008074
300007590
300007604
300007612
300007620
300007639
300008481
30000849X
300008503
30000852X
300008538
1121819761
300008546
1163628409
300008562
300007728
300007736
1163634190
1163633747
300007744
300007752
300007760
300008449
300516134
300008473
300007779
300007787
300007795
300007809
300007817
300007825
1163692042
300007833
300007841
30000785X
300008252
300008260
1160393680
300008279
300560044
300008287
300008295
300008309
300008244
300008341
300008384
300008406
300008422
300008430
30024200X
300008333
300008082
4486105-9
300008104
300008112
300008120
300008139
300654294
1121921302
300008147
300008155
300008163
300008171
30000818X
300008198
300008201
30000821X
300008228
300008236
300008236
1160882819
1160882886
300009038
300009046
300009054
300654308
300009062
1160883718
1160883750
300009070
300009089
300009097
300009100
300009127
300239262
300009135
4634308-8
300009143
300009143
300009151
300008872
300008899
300008902
1122051697
300008910
300008929
300252226
300008937
300008945
300008953
300161018
300008635
300008635
300008643
300008961
300008651
30025346X
30000866X
30000897X
300008988
300009003
1122057857
1160882290
116088241X
300009011
1122062532
300008570
300008597
300008619
300008627
300009941
300009976
300009984
300010001
30001001X
300010028
300008678
300008686
300009879
300008694
300008716
300008724
300008732
300008740
300008759
1160630992
1160631212
1122207972
300008767
300447760
300008775
300008783
300008791
300008805
300008813
300008821
300008848
300008864
30000916X
300009178
4634313-1
4634313-1
300009194
300009208
7667335-2
300009216
300009224
300009240
300009267
300956495
1122144504
300223560
300194099
1080156577
300009909
300009917
300309767
300010850
1076986803
300009895
300009747
30063370X
300633718
300009755
300803621
300009798
300009798
1185613323
118561351X
1122311168
30000978X
300011806
1122316712
300009283
1186188707
300009291
300466226
1185613641
1158696272
1153908557
300006373
300010826
300006292
30000639X
300011717
300011695
30021569X
300011725
300010508
300010494
1068850558
300006306
300006322
300006314
300006497
300006330
115072126X
1150721065
300006519
300006500
300006527
300010699
1150679026
1130789497
300010702
300010710
1150708565
300010737
300010729
300010664
300010656
300010680
300011059
300010753
300011075
30001077X
300011067
300010761
300010796
300759800
300010818
30001080X
300759819
1068850515
113078939X
300010745
300010400
300919883
300010141
106888603X
30053292X
300442572
300731779
300011091
300010168
300011083
300785860
300010559
300011105
300832303
1185583904
30079858X
1150674040
300010605
300010621
300010613
300010648
30001063X
300828993
300010575
300010591
300010583
300006543
300006535
300006551
1150722142
300011741
300010370
300011768
30001175X
300005261
300315910
300009305
300010389
300005245
300009526
300006624
300009542
300009577
300009550
300009585
1123818673
300005806
300005792
1123830401
300196822
30031647X
1123831696
300267290
1123830746
1076685781
1123840377
300268807
1076685501
300005733
1068897384
1123841187
1068897430
1151165557
300005768
1151165816
1076689744
1151158496
1031636501
1076686222
300441363
300005822
115115976X
300989253
1123820414
300005776
300005679
1076687547
1123838623
301014876
300005830
300005784
1068895330
1068895454
1068895365
300211961
300197381
1151134775
1068895667
300010125
1151133019
1068887745
1151133590
300179723
300351135
300686455
300357079
300010117
300436335
1068887125
300010109
300257325
300010079
300010184
300005695
300010133
30021197X
300005709
300005717
300005660
300005687
300532911
300010095
300010176
1151166081
300005849
1151166200
1068897597
300376464
1068897910
301014884
1068888296
1068898003
30066804X
1068887168
1068887230
1068897937
115113189X
106888729X
1068887591
300010087
1068887656
300320930
1068887710
1068887702
30001015X
1068887362
1068887389
1068887451
1159600031
115852305X
1159906246
1156630878
1156630703
1156632412
1156632137
1156632668
1156632528
1084356511
1159604363
1156633125
300202245
1060342855
1060343878
1060343630
115619377X
1158532598
1156193230
1156684110
1156634997
1156194261
115853096X
1158532229
1156683262
1135612412
115663279X
1156634784
1095125745
1156299772
1156612152
1156567556
1079250832
1156570700
1063140781
7671220-5
1156635381
1156239303
300761120
300202229
1156626552
300202237
4594414-3
300003560
1155958764
1158636091
300260458
300202210
1156565189
301011834
1156301696
1156205875
115620576X
1156206057
1156627362
1156206006
1156206189
1135612471
1156206073
1156683742
1060700840
1156629683
1158530439
1156683904
1158507003
1158505965
1084354497
1156194938
1156194504
1156205662
1156205506
1156628393
1156633028
115663010X
1156634105
1156631416
1084355809
1158523203
1156206324
1156206464
1156206421
1156631297
1156206553
1158524587
1158524188
115853065X
115852398X
1158527861
115853115X
1060690187
1060701111
1158527691
1158633114
1158523858
1158529139
1158524269
1158524021
1158524528
1158524110
1158524048
1158630085
1158529015
1158524145
1158530803
1158524374
1158524439
115663444X
1156634245
1156634156
1156633931
1156634369
1158530579
1076098266
300004656
300004648
1076099769
1076099564
1076101879
300004664
300597282
1043236619
300207905
1076102654
1152354795
1152393561
300004613
1152354833
1152338625
1152334182
1152343440
1152339206
1152343866
1029091129
1152343548
1152344218
300204418
115234398X
300207964
300207956
1152413414
1152414186
1076103316
300004680
1148700307
1152347152
300004702
1152348280
1152348590
1152348531
1152348906
1152349023
1152348973
300835728
1152351397
1043236619
1121820573
1029090424
1152354671
1152348795
1152348655
1152419471
1152419420
1152419579
1152419544
1152420305
1152419994
1152420380
300213069
1152420356
115242047X
1152973959
1152420445
1111790027
1152974033
1152974009
1152974572
1152974521
1152421042
114996040X
110385612X
1081631759
1097288900
1084137550
1153027755
30073400X
1153027712
1153028077
1151329053
115302800X
1153028182
1153028123
300246668
1153028557
1152974947
1152974602
1152975005
115241433X
1152414275
1152414364
1152418564
1152418564
1152417770
1152417770
1152417797
1152417797
1152417835
1152417908
1152417835
1152417991
1152417908
1152418009
1152418920
115241934X
1151329061
300893698
301009228
106889220X
1152954830
1153029227
300457650
1152955527
1153030144
300004532
1153029618
1153030179
1153030152
115303025X
1153030225
1060846780
1153030276
1153029049
1153028913
300758944
300758936
300758960
300004559
115303221X
300004540
115303204X
1153032589
300617283
1153032465
115303185X
1153031442
1153032252
115303252X
1153031752
1152955543
300837232
300837208
30083716X
300369239
300837097
1153075857
300837194
30000446X
300837135
1153076209
300916094
1153039788
1153039680
300837127
1153039931
1153068249
300837100
300837089
300004451
300837216
300527314
300837224
1060855054
1056832207
300634579
300634595
300634587
1097401138
300004575
1153034387
1153030071
1153036258
300252900
1153036304
106086374X
1153036959
1153038161
1060846934
1153038463
1153038269
1060922223
1052606814
115303266X
1153091089
1153090945
1153091240
1064758533
300219202
1153082721
1153082683
1153083523
1153083450
1153083620
1153083582
1153082438
1153081881
300261411
300223188
300837186
1140257536
1153084937
115308581X
1153085666
115308662X
301023255
1138994650
300004508
113663133X
1153083655
1153084635
1149163569
1153081253
1153081431
1049521625
300837143
300004486
1140257951
1046601849
300861753
1140258036
300213573
300843003
1153091399
1153091615
300837178
1153091836
1153091755
1153030594
300223102
300713649
300740824
301010714
1152969293
1153031698
7658459-8
300685432
1152970372
300713703
300475942
300336896
1152975560
115309195X
1065700008
1153238187
1153238438
1153236907
300627033
300685440
1153238977
1153021080
1153239299
1153025256
1153238659
1153238837
1153169398
1153236761
300004524
1111065756
1152025392
1123961468
1151892327
1158529686
1151670537
4500203-4
1065201540
1108122205
1123960100
1123961026
1123960879
1153033666
1153034093
115303199X
1153033097
1152974424
1153035170
1153035669
300685459
1152978411
1153034859
103173936X
1152978764
300192207
1153035839
300969937
300004435
7841039-3
300969953
1123960321
1123963738
4352501-5
300731191
1046356089
1153018411
1048418723
301010692
1123959536
301010706
1153019248
4403350-3
1153752042
1153804018
1153752107
1153804174
1153751925
1153751984
1153801590
1153804913
1153805146
1153804271
1153804735
1153512254
1153512742
1153750996
1153751666
300716613
300716621
1153782502
1153781913
1153782006
1153752174
1153752247
1153752166
1153781700
1153781808
1153781263
115378145X
30024584X
115166233X
1151659770
1065700113
1151669490
1151669687
1152018450
1067089306
115233347X
1046598635
1153797682
1072556359
1153797763
1081390204
1153028662
1153799324
1153799529
1076100287
1149176105
1153798352
1153800683
1153801310
1149176407
1149176504
1134985827
1097396584
1097395790
1049187121
104660337X
1149166150
1153797569
1153783568
1153783673
1153782588
1153783509
115379621X
1149165723
1153783835
1153795868
1123965080
1075776007
1152332481
300868758
1159540551
300569823
300005067
1156574323
300868421
300569963
300005040
1158531222
300569890
1158530153
1158530285
300192150
1152347748
30086874X
1152273876
300868731
115233879X
1059897814
300475918
1158529740
1158528612
1158529600
1158528450
300005083
1155753682
300012195
1158527683
300004850
300005164
1156631661
1049818598
1148461965
1148462414
1158695853
1158695640
30037979X
300012071
115960374X
1148460756
300434251
1067106995
1158695527
1056047984
1158638558
1159908699
1148463364
300012160
1158633645
1159907382
1082220523
1156621577
300012152
300338589
301011036
300475004
300232012
301011044
1148440496
1151597961
300812434
1058351915
1058351427
1049820304
301012350
301030855
300338570
300297815
105839276X
105835146X
300338554
1084363801
1148164103
300821476
300675925
300012217
1159907927
1058352032
1152230719
300576110
300379803
1151582999
1148155996
104980791X
1060855054
1049813049
1049813022
1049812972
1067106413
301012369
1158697309
1148464778
1148464956
30034824X
1152237799
1148460756
1148462414
30043457X
1152295314
1067104771
300535228
1148466169
1148465308
30001211X
1151672548
300742215
300857713
1147393478
1151672475
115167169X
300857705
1151672211
300012063
1067105239
1152237721
300012179
300297823
1152237454
1067105239
301023905
1151672661
1152236806
1151672769
300391781
1151666793
1148467009
30096773X
300280459
1156625300
1115752480
1152230832
300338562
300012144
1151667978
1151671304
300012055
1074262476
1148471758
1067105425
1148471677
1152045334
1148469478
300822960
1152046160
1148469176
300434596
1152290061
30019739X
301004196
301004137
105989825X
300348266
1152037153
300289421
300289413
114847109X
1152339346
1060791188
301003912
300012101
1152294458
1152344153
1152344498
1152273957
300012128
301004188
1152346091
1152346814
1152285440
300192193
1152345338
1152285203
1152284134
300750633
1152238418
1152231650
30100417X
300434588
301004145
1049521463
1152272209
1152293826
1152292870
300880189
1049521293
1156240999
1156241235
1158695721
1158695705
1158695608
1158695594
1158695888
1158695829
1158695802
1158695756
115869573X
1158633394
1158695497
1139921606
1070044172
300603053
1070045470
300253680
300010346
300010338
300006195
300010354
300805845
300010362
1070046329
1123734925
1123735166
1123735379
1123734550
300435509
1172986878
1148440496
1151163600
300005369
300370938
1151264687
1151264849
1151264768
1123835802
1151163376
1151265047
1151163481
1151163457
1135504806
1151163538
1151163562
1151264857
1151264997
1139855263
300612109
300612117
300634285
300264623
300005393
300005377
300005415
300005407
300005423
1151163775
1151163759
1151164143
1151164054
300666322
1151164151
1161746250
1161745572
1048742512
1151163651
1151163724
1151163686
4634315-5
1136324666
300837968
1151263680
1135504768
1151263923
1151263869
1151264008
1140062077
115196011X
1151959847
1151961337
1151960888
1151961736
1151961531
1151961973
1151961833
1151962740
1151962457
1151962899
1151963348
1152347810
1151954209
1151958476
1151958301
1151959197
115195859X
115195960X
30000477X
300427867
7672510-8
301004161
1140061674
1159592039
300012209
1170889824
300303629
300004990
300178689
1151953385
300878699
300004958
300853068
1151470384
1151470449
1151470457
300724829
300887965
300974663
1151890359
1151831948
1151890839
1151666823
300003781
104278115X
1043516581
1113031190
1043516794
300868510
1043517197
1155873645
300856121
111303047X
1127670476
1155886925
1155939530
30090617X
1155971973
1077666594
300448295
1155946669
1070716111
1152351435
1151656690
300276494
1151832499
1032982403
1151830224
1032982284
1032982160
106707676X
1067077391
300202288
300911610
1155889320
1053629036
1151604380
1155979966
1032979089
1155943120
1136810404
1079303499
1151891223
300887949
1151942308
1151650242
300857993
1151650285
30020227X
1151583596
1151584169
115158407X
1151474126
1151584681
1151584592
1151474207
1151585009
1151474134
1151584762
1117603512
115158553X
1117602931
115158519X
1151671436
1152017055
1067089241
1067089063
1067089373
300295847
300505272
1067089527
30000494X
1097272249
1065700172
1149689692
1151585939
1134987773
30103088X
1151576034
1151466468
1151580279
1151579998
1134987218
300213557
1151580457
1151942154
1151581054
1151580910
1149287802
1151942243
1149287950
114928787X
1151581143
1151581445
1151581283
1151582255
1151582026
300552823
1151582891
1149288051
1151582530
300664621
1151583189
300234716
1151583022
1151910724
1033202509
1151583405
1151473731
1151473928
1151473502
1134987684
1151902373
1151662496
1151658766
300740913
1151901997
1151944017
1151944114
1151961922
1117716120
300223315
1151662518
1139291424
115188989X
1151889822
1151890057
1151889970
115189012X
1151890081
115146581X
1088451926
1151465968
1156569907
1067089578
1063043050
300233442
1151906905
1151907170
1151918962
1151913405
1151586242
1151586137
1151586471
1151586331
1151586730
1151586595
1151586935
1151587036
1152014986
1151970441
1152014927
115201515X
1151970654
1152015052
1151970573
1151970859
1151970794
1151971022
1151970913
1151971146
115197109X
1151971219
1151958298
1152014722
1152014595
1152014838
1152014773
1152015907
1152015850
115197126X
1152015974
1152015257
1152015443
1152015346
1152015605
1152015524
1152015788
1152015699
1151598615
1151598526
1151598925
1152016016
1151598798
1151599131
1152016164
1151599034
1152016075
1151965243
1151965359
1151598178
1151598062
1151598429
1151598291
300233450
1151468630
115166104X
1151965456
1151660779
1151965391
1151968021
1151967955
1151969850
115196980X
1151970069
1151970379
1151970239
115159931X
115159945X
1151599352
1151468517
1151468002
1151587931
1151587753
1151588199
1151588059
115158844X
1151588369
1151593710
1151588628
115158729X
1151597414
1151597813
115159766X
1151597996
1151597929
1151598003
1151593745
1151594199
1151593850
1151972142
1151972088
1151972290
1151972223
1151972460
1151972371
1151972649
1151972525
1151972908
1151971987
1151973092
115197305X
1151973246
1151973181
1151973394
1151973327
1151973548
1151973467
1151972983
1151972959
1151971367
1151971499
1151971421
1151971626
1151971553
115197174X
1151971677
1151971901
1151971863
1065202121
1151669733
1151833924
1152018213
1152017667
1152018302
1151834017
1152018256
30019112X
300475896
1152022156
1152019325
1124564535
300003757
300004877
115166958X
1151669555
300004885
1151669636
1151841641
1155955889
300974655
1151842249
115184196X
300374038
1151834076
115184019X
1151839965
1151840904
1151840424
1151461962
1151455156
1151537195
1151534862
1151542350
300004907
1151538221
1151842346
1151891525
1134986270
300315783
1151892998
1151892696
1151911763
115191780X
1151917532
1151973610
1151958891
1151973645
300004931
1151662860
1151919276
300004923
300004966
1053498616
300234724
1151964115
300234708
1151964344
115196428X
1151964506
1151964441
115164577X
1151542466
1112346325
300887957
1156613817
1158507682
1159927383
1101967374
1158628803
1158634412
115867189X
1156624967
1158522169
1158639937
1156620783
1158521707
1158533292
1158639198
1158532717
1159533458
1156611652
1156292387
1156634768
1156310520
1152352547
115631027X
300569904
1156575451
300569920
300199856
115598093X
1158531974
1156812283
1156612918
115657157X
1158637373
1067801421
115993035X
1159929653
1158640811
1158640412
1156308429
300569912
115959919X
1158639058
1159931089
1159591458
1159583005
1156301432
1159600538
1156283795
1158697848
1156282667
1158640978
1156309891
300569882
115619430X
300569955
1159932778
1156575036
1186172541
300774036
300569874
115993228X
300475926
1152353268
300006659
300005652
1158695373
1152019112
1160258287
300228538
300006209
300006640
300005865
300005725
300010060
300011040
300006608
300011962
300005350
30001127X
300011539
300011113
300731779
30001189X
300010214
300006403
1160695792
1160608822
1160547696
1161471529
1151953407
1123734208
300012136
1161373284
116137325X
1161373217
1079305084
1161372725
300447663
1079305203
1079305025
113681034X
1056947748
1151669342
106708830X
105352756X
1053498616
1151662208
1117600602
1079248080
1151467383
301030871
115166068X
300505264
1151649368
1151649899
1151606014
1134987544
113498703X
1134986505
1151516732
1117604055
1148440496
300009852
1151842567
1056048484
300012047
114847109X
300012020
300297807
1185583157
1185583157
118558353X
300009283
1151453625
1152273655
105605123X
1148468757
1067105395
1056047984
1148463364
1148462414
1148460756
1067105239
1152018086
1152015257
1152014463
1102281972
1151849774
1161373993
1053483554
1151833789
1151965162
1151963860
115195957X
300234724
300234716
1151947822
1151944017
1151942308
1151917532
1068325127
1194199496
1070038830
300442580
300649525
30022351X
1043831584
1070038962
300865481
1070039144
300427093
1136342249
300855850
1139920812
300005881
106889833X
1068898720
1068898747
1151261203
300005946
300296169
300453396
30000589X
300647824
1068898496
1068898615
4418270-3
1070035785
300006101
300211988
1151329622
300440235
300257317
30000611X
1151329835
300006144
300006128
300006098
300647050
107003844X
300603045
1070039551
300223609
1070039837
300603061
1139920111
1070038695
300815883
30031597X
300006004
300006012
1151268011
300197357
1070035696
1070035599
1069971022
300005997
1069970956
300006055
300006063
300006071
30000608X
1151328588
300440227
300194471
300006020
1151328898
300006047
300006039
300306067
300456913
1069970131
106997000X
300005954
1069970239
1068898909
1139905120
300569807
1069969834
300433948
300005873
1068898089
300968345
1151234044
30056239X
300659024
300005911
300315988
300005903
1068898402
300005938
300409281
1139915010
300360126
300388225
300233566
1139915169
300967454
300005962
1139914855
1069970549
1158697031
1159933286
1159536600
1158529465
1158524773
1156630223
1158522800
1158694628
1158637861
115869766X
1159540136
1159541302
1158532253
115954087X
1156635071
1158530161
115869752X
1158697430
1159537569
1158638795
1159590001
1156565782
300260539
301011818
301011826
300359608
300260938
300003498
300003943
1196750033
300254466
1159582343
300260520
300003927
300003919
1156633419
30026092X
1196742596
300003935
1159919380
300359616
30035956X
300004095
300359578
30033091X
300359586
30084302X
1048460800
104846086X
1048460959
104846072X
300359594
1159531625
115628144X
300260601
300003978
300003986
1151909874
30062655X
300843011
300858019
30026061X
1084358301
1084357712
1084358212
1084358182
300003501
1045249629
105072092X
300004303
300223307
300294654
300246757
1031660410
300003773
300010192
300577273
118738208
116899344
11690156X
118586688
127028137
1020333774
104264454
116936991
118785028
119233665
118737082
121152251
119011069
103980202
121674223
117147443
137901089
137901038
129387304
11858605X
1055182446
117604739
117573507
1081200367
122200284
135155827
122325176
172846285
104270632
118735020
130631523
119149397
135071429
11906362X
117178756
119176653
11873721X
119265001
116942037
118735144
1077258682
1037497112
118584596
118584588
1072153424
1045264571
137825773
117596302
116898666
119443880
1068417536
1072997517
124033652
118924133
117612529
117596981
7679923-2
1037498615
116879696
118737643
11858622X
118974408
117588288
117741698
135959292
1184638225
1037586093
117588881
115433651
117208450
1037649818
120915898
1037569385
121390985
118785990
104206969
1047331136
118738550
116942088
116909161
1047330725
116945818
134803892
121826104
118586777
103879129
137664737
11707988X
120296322
11873475X
119525461
1169255329
118589547
13332897X
134473035
119317133
1089844883
118587668
134475550
104163062
117072931
141420162
12463561X
1071239635
4770371-4
119035111
142662747
1073348474
132386917
130261564
118738623
118587234
119368692
11893094X
118587404
131640127
1044555351
1044538848
11955111X
118590510
117054844
117039977
1171472838
128835354
118880497
117144177
122044916
104059915
100803997
123877628
1051781116
118590111
117002178
119320479
11703407X
104156198
100793592
10413660X
1019108525
117155292
119087286
10379767X
117170186
172306639
115620680
100227392
132453665
134698290
10379302X
118789791
116060514
1136746293
116058935
137838638
102418144
116133872
17425699X
116135220
1037538250
104366508
1043864644
1073291103
13988551X
120346400
121062244
120059525
104040270
11859348X
1037553004
115379975
133583708
1037497090
118592769
118739964
119303752
124768075
116082151
1157555322
134483146
11910945X
104150998
1034849166
1090713274
134484886
1089428375
1145495788
118594168
1073993337
114307274X
118739670
115845917
1089872585
121253171
104225408
132326671
1037499514
116186526
118593005
104209119
118805754
13447967X
129527793
121720721
118818686
116108002
119010097
13484596X
135230632
116019344
37661-9
104122749
10420902X
129273813
119456613
124154778
1072979853
118597671
123816793
124607950
116326670
118741713
116319011
1186885211
118597450
118741632
1079181431
124615120
10400715X
130072109
1035839784
116276940
106804179X
116322160
1151516503
1032884347
13633430X
118816276
11946912X
124692923
11954265X
101845117X
129480215
120716771
129292206
118792555
118595237
116246871
1076541798
121673677
119131668
116289929
116260386
1026704618
1037600002
124255493
124365248
12144550X
121083039
1035211815
104226056
116202882
142876003
118951076
102909385
116268891
118596829
133357449
135432987
1034495682
123494591
139230076
111561167
107350607X
118747975
119500264
118742973
5258423-9
116317396
135318394
116264950
142684384
10437182X
119554488
12998776X
11624870X
123609844
116260874
12005485X
103283757
1019456337
116305541
116291494
1053500777
1037500644
118742027
119091852
118598090
116364793
119059622
118749285
118787942
138969590
11643273X
116420359
134848462
116431814
11890874X
116366338
119388472
142072443
1030295352
119059614
121445534
11253502X
129894311
119388936
135447445
116397594
119414082
119288567
100069983
10422617X
10286425X
11874383X
116391901
118898191
1168609488
140318224
118598988
118744828
123496276
103938915
104038187
118744798
115690387
118743627
135967635
120849615
100317960
1169257321
118744453
114215529
118749331
118744585
1073429415
119294168
101581742
131781162
128577819
138334226
139892974
138334277
138552975
121274950
124277497
104251514
1027579418
134795121
1097760065
116414138
134720873
132281511
116509422
116510072
119344769
129485209
131552694
121607488
1052447813
118599100
123455634
119085003
115532269
119127652
116510927
118600877
127323961
101788622
1050685784
118601644
1135804745
128507543
116543671
141207841
100870228
1089886098
115373802
104318104
116534060
121041042
116533730
116534591
1215936-0
1042532419
118600850
135294835
11892592X
133022935
1089330545
116549165
119365324
129037230
139660828
121262847
119147033
118601148
1052609201
131867482
103764770X
129969206
116545631
101365632
134497945
135120888
133318052
116545410
115787305
116545526
1116102374
133758087
121118509
116598263
118745301
132535122
119431343
111863007
116579420
1035213427
116608943
116621281
116624981
118749811
123455707
124277837
104241160
122433998
12946094X
1026951860
116545933
1145870104
116570881
1033313750
134590023
119300435
136406564
100888305
1019755229
130134724
128479957
116707801
10410077X
135712734
135443660
116707038
100562868
119363062
12854743X
1053394128
1026546311
1043717420
116675756
116675810
116671963
116675594
15993933X
118750909
1024393879
124974120
1051155223
1140156810
116697164
119524341
118812688
135517362
134616618
1034563165
131677799
116925764X
119183315
120633728
118605976
118804952
116711728
117749532
11678041X
102834180
121349306
115666494
116711663
116723750
132761505
104142197
135483131
1037561201
100488153
11892737X
142579254
118749838
116625724
11666245X
103973540
10232235X
1020912839
103750271X
118604597
1114415758
1169257488
119037696
118604562
119384000
118908138
116725249
116671955
133048322
118750178
131730657
119118602
119172275
1069655368
116626267
138937885
116637838
124870619
11860841X
13014505X
121488578
13700558X
13816729X
1036767930
117457035
1055685553
129712671
1035138441
118754688
134511182
120430398
118607103
119431246
118012355
1055485864
1089744277
121623475
117220388
117324434
118608096
11732633X
117326720
1033753882
117093165
117102067
135016029
122254678
118606360
139565612
135284465
117227714
104270160
104355344
119414007
128688106
117110981
117222496
122099052
125428200
1053266960
129014893
104206896
117099821
1032101040
103214128X
1032136286
12223507X
117215023
115399798
141665289
118754394
118754408
117323128
118608045
118607995
118608002
115660631
129701408
117271977
117274119
117275689
14142124X
104304464
117113328
117269956
118607669
118973967
118607626
118754319
117193488
119448513
117193526
134891937
123641683
129380776
122728165
116697105
139287876
117506095
116852976
116902299
103118187
10150845X
142011479
116848901
104283718
120729237
128511222
138151938
131683691
116848758
124095739
129218839
100876412
117501816
139656405
10785869X
119022125
1011420058
118759965
1022936476
130089060
116815825
118609300
117025143
1057942375
120267659
4053219-7
1046301829
1089784058
118759205
125819633
119503700
128480343
116824948
133590968
134512545
117514608
116864982
121539830
135014905
1056075678
104278870
118610074
118610090
139386378
132323621
118759817
140601619
1037503783
119306670
117072435
123840341
117060879
138215782
138216282
116829303
116836857
116837217
104117796
11860953X
122081250
11940818X
118610724
1073347427
118610708
142541168
134513827
117033634
1037502973
100400159
123852374
117039993
135766540
119020238
123112400
11861116X
117321826
119267632
127718702
1019749903
103928774
136842119
1056834234
1037508572
117117110
1056834153
120451026
1052839452
118610961
11710891X
6025911-5
117646709
100400965
138218676
118610953
120583410
117236489
118762494
133014312
104070404
1012562395
1037583922
117367893
1073479803
117247146
104196513
131505785
1036885801
113910436
141043636
137050402
117360961
118795651
103946489
117141054
1169257712
117141437
1037570138
117192112
117192546
1030134146
134684591
105330305X
135989612
4309095-3
118612433
117430560
133205045
11861164X
117294527
100900569
117410969
12348796X
140172319
11861214X
100895484
118611666
118867946
138347530
119827581
117132926
1037504631
119267640
129486760
130615463
134524861
117437581
1095907549
100825982
118748521
121573591
118938533
118613723
1106003683
104258810
118614819
117398810
2118215-2
126837899
117418382
129166626
131702483
117392634
118613480
119121328
143251872
1014809282
13451985X
118764756
1114926000
117509450
121096572
100407129
103948171
1050384881
103749587X
140976000
13541346X
133197212
13178031X
11874867X
1034863673
130615595
1114417467
117360503
117441872
119026139
1056922931
118614304
1142831299
1045057835
134675061
118614126
117375578
126812985
134997409
118613073
105693767X
117466506
117473693
131205579
118612514
104094427
104339981X
137248776
118795988
109096185
102499683
118760505
123757495
121120791
118856138
117658316
119404532
123922887
118917331
117201391
124398499
1015785050
1031444947
1139222813
133651703
135083826
117206407
118617451
1050302583
121963632
120761866
100975127
123876869
104372044
118798022
122130405
1037537572
11721616X
1030018472
118752618
1151963895
102450266X
117493155
117493236
118126377
134625609
11861598X
13567414X
118751867
118751875
123624878
117481718
117484458
119369958
131591754
122871812
126963665
117477125
118616382
117486221
121297004
117245666
1037564766
1169257798
117240869
118617273
119007576
11722877X
129487147
118753010
11875243X
138406464
122626370
1048162400
118752456
116979968X
118823078
118798561
101365470
135019648
118890883
127944710
117220116
118616366
104251727
113262841
117491055
1143570944
117495999
121301435
1072885379
11879941X
130617962
119115530
118620088
117373907
119840685
118620185
118755552
131472097
1057895741
132828065
1027596509
1150443901
119020777
13453493X
105316338X
118799517
117677906
117353981
117357030
118798952
117262463
124600050
134720938
129084964
117261602
117363391
117245674
118158651
1018432051
134708008
139992189
123456533
117306010
117201731
119399253
122116968
13639728X
102065080X
118619004
123427924
134691962
118620878
1012366537
100595758
11739131X
128423889
117392359
1036424154
1036716864
113358733
117391301
11730557X
117289000
1067451854
1030251762
1154617416
117195898
117288195
118618458
117197068
117197319
100624944
1123836310
11862119X
1030594368
13453736X
14338578X
1031617787
108989368X
121827631
11734852X
1113681047
123352797
133677311
128773537
142669601
1079240950
117421227
117355275
100597289
118802631
132715325
134677307
119238098
117341428
11740697X
1123236143
14311297X
1042800758
118760726
117394122
12468954X
119010003
118061305
135495156
1012101053
118621874
117301116
124765556
100568009
134681355
11536014X
118802550
119319268
174065728
120101440
1037508726
133140687
117400513
131358685
134540387
120763168
117427527
1056767928
134571223
132686430
1016630956
119127709
1069137588
1158967551
121248186
137736770
124149901
134663209
104337036
122997727
124762603
117359602
117359661
120211874
10397184X
140907459
100649416
123834252
12226195X
104072601
1049268083
117266159
102418500
121141055
11729781X
12247869X
117274852
135927064
172414474
120333422
119448009
133408264
118768581
123005582
1143987756
136256481
1068191619
117495301
1165336375
118804375
117398926
11741462X
117451053
118627910
103098291
134546857
120431238
103977430
138496943
118768301
117489719
11876912X
117395684
1033003557
118768255
118804154
118626574
117388483
118770322
1053359950
129891886
16261349-0
117452319
118041878
123163234
134785096
1014827442
130395609
130006114
104717863X
117291447
117291390
13061744X
117311189
103988327
127349359
1053278055
104311568
121771520
12089727X
118767380
118855034
118626167
141143061
117488151
1160007470
117482145
117478008
129200395
11743552X
123973236
123600936
134544471
1053246056
118625756
118763830
121764249
134547861
11746337X
124032532
12256992X
118627287
1036744949
134128141
117276995
10069876X
121044661
11898599X
117298611
128775432
118630563
1053247524
1073396274
134548809
13083856X
134855884
104057440
137347936
118628666
117120081
1117595757
118643231
123691958
139011803
1169325726
117116165
4064352-9
123961602
124827721
11721857X
117231657
122493699
124253393
118835750
134920643
1027189814
132419858
119003791
1074843223
1139223577
119499231
118770616
129859141
115667199
115359885
1055318291
119515903
118629662
138383723
118996525
139095152
1020197927
117091235
121501302
117269565
117141712
134553322
11876425X
1125391758
1033444103
1043661743
119263475
117302856
118630369
1043651365
1053489889
104005580
11882581X
137473788
1073154203
6146596-3
135083958
118764187
117131407
128518804
1089263325
130159409
1073384934
104654058
130841161
100696309
117249173
100681751
119189275
1037577884
124580939
13455423X
132688794
132425084
11728615X
140127364
133377105
122383516
1148121978
118767038
118632477
1114418234
117339008
1035176874
102199612
120671719
134554442
1052449506
117333840
117334596
140853898
117333255
1169326153
111536308
119362406
101417020
121210588
138514712
1022248936
1022247212
1089574975
134557069
119105063
102282099
117320617
115445382
122113853
117320420
132518694
136679366
134013298
118632884
102104387
119259745
123473918
139940944
129798282
130178837
1176541781
117305480
108990780X
12483342X
1072860368
1030347859
132626330
118632825
118631748
121598268
117581658
1058047701
119399857
117580724
115606513
102546827
11738996X
14061785X
117395188
101382952
1012387283
120494655
130249912
117422959
102453314
1037520327
1065846525
11877137X
1042213054
172458250
13648302X
119368722
11742692X
117458201
132104830
1037495829
1037495837
100704018
117411051
1025374983
104011599
1114926450
1054446830
103750495X
118633902
118807633
130954357
104206829
135911788
117421138
123649234
140112502
11883990X
117746568
123426391
11863495X
118808230
1073348806
117441511
117441031
134563301
120811588
131557262
1056007702
1102176702
118772147
104379302X
130050733
1036845710
135436400
120747316
117458600
118860372
130469793
1028080158
124503888
13456281X
132588196
121070565
117449989
117347191
118808370
117595799
1111067228
1086198263
118772287
104005432
1037500628
1089812876
118636316
1077217218
117582115
1027477445
117404098
1035166127
137998155
1103971794
1155326288
118637479
118509810
1047689707
102411204
120602172
117021938
1184311625
11863707X
117006289
1089812590
1125905379
128564776
101374399
117602647
117012599
1161442928
116978759
116146141
116984511
108774740
118636596
118878247
14225942X
141432683
173630480
134774639
12430480X
100713629
121540243
139636269
1052867219
116989599
131461869
116988282
1162309423
1044570733
140541624
1051404576
1018364978
1101590173
114631786
113909071
1076754449
1076753965
5012472-9
118563343
117055697
118501070
129653128
117739480
140820426
118745425
118567934
11709546X
1011345277
119513021
134471792
117735086
116642912
1073431479
1069631647
118569945
130847526
137971508
124074960
118505521
120327112
128262052
10016203-4
5271914-5
116153881
118554492
130613312
1152977156
135772524
1089775229
1127589628
128818085
1160906238
132418355
116113995
117248711
1089449887
103827536
1038086841
121261158
137729332
134972325
1043345353
120890437
119011778
115494952
119255243
128853980
135754933
129458015
123841690
134635434
143479318
131533665
121149951
118524186
1043385894
1099931290
118834967
121579808
144027674
102199191
116758031
11675026X
1073420868
141545550
118638602
101370687
124726720
11852285X
134354990
130583537
1028337000
104030984
124412726
134352130
135725178
116717424
119039001
1089812167
131530682
116028203
6106411-7
119648105
1046434306
104066873
1148300090
121070042
11901176X
1143064305
135723302
123632358
124480853
1025730895
118941941
100864627
118676687
127213252
124362540
118677667
1059554496
119650967
130009539
11852321X
1124187642
118523341
118523236
134623614
100178405
1047091984
1026709415
119175606
118973258
14045084X
118670247
1056902396
1062724143
119453363
119351064
116341564
100093302
121097021
119486725
130136247
1065635974
116071532
134357019
124662153
103977198
1037534360
1143064135
123616786
102441219
117626953
141419571
135707145
115677178
115807462
101361769
118680412
140552138
116159421
102419965
118680471
103883576
116182776
1037581172
118671855
134036247
118678345
11610032X
115234580X
127183396
120379074
119216132
118526731
1020894148
116178221
1037502477
1079622470
116095628
118525042
118678043
129185434
143953974
116222921
118746359
13458645X
12978060X
135705312
100819753
142342513
1052852467
118680129
123906970
1046847368
101905980X
1046848143
116194472
118680552
135705150
102465460
1041616031
130014737
126125996
13204479X
100462073
130470139
128889810
118525697
1173331964
118679856
116142960
12982111X
108770982
118681508
135729904
6147579-8
100054315
12302000X
128593857
137318073
11643788X
122345541
129884294
1084354470
119120674
118527894
120107112
118901753
116447710
1054130450
116239077
116235594
134836448
1169253652
119368706
1151889806
141112654
105514255X
11852884X
116347015
118528688
119444933
129464694
124670504
102463077
1032285389
118684663
1037505190
11648666X
120656914
128893486
119234114
100116523
119659808
118687581
11938700X
1034721704
131747568
118746405
1047869411
104319321
12946435X
112862883X
1084352923
118681524
11072433X
116425725
100119662
102455244
135158133
1089825773
116418427
134844327
174046073
104021454
135170206
118529226
13436547X
1053282923
132402130
120538733
11868499X
116354720
1026096073
105313892X
118688030
1061163660
137998899
115484167
121445437
124721036
124015875
101311974
174044623
1033904392
123336627
1033882399
1089838069
11911044X
116410051
118687301
130066753
104045140
1137649615
1141271605
122571665
118896628
11868292X
12148582X
124684580
121883620
128518707
11949924X
123361761
122155572
122297180
12935757X
132297043
126180342
134371151
118686356
118910671
120468670
132486881
116426012
11872262X
116409746
131575864
135990300
11891958X
104113103
11868521X
11868518X
134368142
104113634
100804500
139814388
116541296
105794307X
116652357
134674049
116574712
108792846
13022636X
130146870
1073503720
124794815
189417587
135080665
116612665
1056158514
116603933
140241833
136014852
1109801890
119007754
1024432009
118686593
119455668
133354334
100805949
102308888
104176008
104175931
116569468
118685414
116568658
1165531569
134376854
118702955
100619258
116805153
128957859
132176408
1037500393
1019727365
122206975
118703226
118692925
1136338608
11853596X
102109117
118535749
116584645
132337533
130240613
118549561
141946024
135328152
108404269
130622036
116560193
118691805
117513318
1141545357
135582229
134110358
132422050
116773723
118896229
122954475
6146486-7
122328280
118535013
119542269
118534955
122203313
1146341350
118535129
11674779X
128551801
116601086
116600535
119007592
124603386
142157244
116925473X
118533908
118993879
11669386X
123841844
1049537688
116790113
118684418
104115319
136023053
117749176
104193433
121199398
121733394
123545269
142954268
123875978
118693441
116796863
116797673
116663197
118809962
121900274
123761964
1118633865
124141803
116787074
124614450
11853453X
123647606
1029383782
128605049
112228859X
118703102
131942522
118535986
11869362X
118535978
1055193782
124947239
116819472
118535994
136029035
136953247
118693948
129038938
123257980
1164255150
1030190046
117719552
128578297
134742710
118005626
13761456X
1034727958
116473207
120555794
128758430
135341787
1018486011
118536249
119523884
119285452
104088117
116840331
1037580745
13477647X
138078785
134379128
118689223
12159176X
119057077
120032589
118722700
118689363
124377599
118538659
118538624
116333782
118716913
123592704
116422238
118538365
118690655
116565292
130658081
128424540
116871733
118694375
102532907
116873655
102042706X
118538322
11900853X
100483542
1169255116
116327642
118689061
1037567838
1025289595
119167239
11649591X
1073030997
116494476
134382153
116450088
1057657697
104101024
137459556
129627216
1043633596
13256727X
116473169
1142011747
134770870
1018269460
116588136
139425-3
1042530998
100286208
118993887
103987371
134801784
119010437
1025349504
118695916
128228040
116649631
10247804X
123952964
118538969
103723863X
1025066863
119016206
122369718
13438475X
118539841
124203000
1025719913
1139404709
115463291
118970852
1055556605
118540238
116809205
135250390
11871788X
118540084
1055541160
139906789
11681294X
116654406
104272724
128713488
104073772
135637538
143601652
1024709531
1036630714
118717758
118917439
118696734
118541013
13213750X
139775137
118717928
118695959
118540254
118696238
118702688
122877292
126352119
124947689
134702980
119157977
1013455851
101016603
11676211X
132617951
118718355
6145962-8
118541552
133212602
1055978372
118690949
141710268
1025158733
118717146
118694405
11659554X
118690965
116894660
118698370
132712652
104051221
130605468
1026995787
116895284
1037534948
124623182
104067063
5036106-5
189538422
13255268X
1024924408
118543725
1067271171
1037500377
134255348
120974355
107406632
104367148
121266532
104124946
11854327X
172118743
119692597
116901128
118543032
118698508
116893699
122145968
134778065
130605506
116364696
134734815
116908327
136804039
101363311
118698753
115549331
123505364
118541706
104059389
1055413669
1025434536
118541692
1075256666
1169255914
116829826
11854229X
118542265
116925221
136154530
116911328
116861150
134391691
116861126
1033015555
118848895
11774946X
119401126
143493906
118542001
118542141
104345616
1173361928
118542257
103818103
100654606
1142830888
1055140980
116490845
124244300
130464511
118709143
1162221569
1055111794
116498137
1171483473
116498129
116521015
134656903
124206921
120435357
135678110
103900187
173888232
1037575326
1051615623
119138689
118700421
14022632X
119309025
116442336
116502908
134867300
116503068
1169256201
118544489
129918563
132061554
1014220548
124269273
135388929
11896979X
12401402X
134635280
100158463
17215054X
118545140
12105862X
101379773
121249735
140305491
12162692X
1037496418
1139853511
1141107082
11636906X
118917447
116515015
1050899881
118835572
103970754
1119808200
132293412
13439822X
118513478
118546651
118546643
119512726
116513772
118545825
116460172
123879205
130273449
133738906
1055390189
116511257
1050904990
1054650330
116461705
1073435180
2012966-X
1046181629
1055322787
11646321X
116462736
118709291
134400364
116550171
116539070
116538716
118547232
116549394
118547216
11654077X
103129707
116700645
100162371
1031232796
127828648
1036861341
11670974X
116709642
116700947
1037557999
107826953X
1137016175
118800280
135445515
1166911063
11970207X
1037496973
11870950X
116560681
1073459101
139859713
118639528
118547356
1115263099
116560096
11655570X
131550969
1037529227
117738751
140316345
1071831186
118549553
124230911
117519901
128486740
100232515
123370019
1037495993
132033402
123196876
119706032
1074419022
118710648
116684283
11672238X
118773682
116659572
1146976518
116717904
108359573
116721774
118580736
124332498
118709712
121215059
141292768
102576335
119488140
118773925
115821872
1099087848
129431060
103787038
121062236
1056140488
10001349X
1037496388
120469170
116746963
124661122
118703668
133711501
173218385
1054441588
116738529
118076027
134636686
11877414X
1055209786
124738796
13182807X
117504289
143880519
128686138
115529519
11877459X
11678735X
123885361
1052828280
128635681
134407407
141787880
134960483
116778806
125152248
134592522
116784466
134405242
118704133
118550330
107137291
116755040
119523876
118550268
121426106
143927132
136139078
137999623
117729876
119060922
118832824
118551256
118980025
118551124
118704931
116897899
120734303
118552465
134636244
100358616
134790693
100863388
116922346
11692618X
1037543424
12461261X
140401695
116950781
137125348
135567416
134405897
118978284
114306567
118980009
116806494
121433986
11870477X
116803630
118706187
10399825X
116898348
127764879
124824978
131457152
100358543
119484250
119484749
119291029
123157471
129355291
118706055
116917717
137582595
2075137-0
131646427
11694305X
115729631
120309823
1047768100
118951688
104162031
1031934863
1031935606
1052835201
118707175
1067298835
100502784
118554077
124190979
11855588X
134414543
103927573
118553909
117012017
1080505415
121574296
118708570
117029637
118554840
11855476X
119162229
118708236
116994193
12393091X
1053267029
103905480
129024961
1037537815
118708317
104611960
134880757
12396668X
139656332
132171104
124679250
134410815
10086645X
118775782
119716097
1037496531
143381369
118775774
132980525
117045675
118707701
5135938-8
117212822
119404257
1089815026
120861062
100820042
137595336
11695776X
128421681
124801803
116952431
137600690
124540023
116977248
1157584993
118553356
103978887
131602055
118554751
130649325
117056383
12376372X
100818684
118552023
1031120378
102700394X
103970894
1073480054
1011617501
137595395
116962305
1145664164
138941815
116077808
1026798485
118558404
117240001
103761948X
13783831X
118640003
142821136
133929280
121125122
104300520X
1021135321
1070828688
119258021
104301859X
1043006362
101312628
139478299
102505373
10016806X
1145957889
124941788
11800414X
118004166
100758819
116032146
1022910116
119054825
116031522
129975605
135319609
1125146516
132408465
118559575
123393116
117222534
116878355
117058750
11705867X
117077801
1043018352
116012218
1029630089
118556657
116024232
133355292
134421477
1037050495
122144708
1077051557
118558390
11871290X
1145434754
139310851
124623778
105288797X
1112573550
12483843X
121649237
118712926
119262878
118925059
116032529
102104395
118712357
134825225
11877624X
118560328
1073479900
118632949
118560107
118776223
12865693X
1014525810
116094443
130038598
1147051771
100177085
118560999
123210178
116094486
117749540
135572665
118721313
1031232508
139940618
124545424
133905810
1029895171
11616056X
11614517X
106368060
120662639
104295406
1053051905
122513975
118721941
128083859
103994416
116210974
130210048
118723499
118993852
124069134
1127070223
134971175
121322408
118777238
118951319
103778802
1029456933
12081997X
135962242
11621046X
116196556
1073384160
1052804268
130052701
129393436
118563386
118800639
1036525147
119544792
120892871
1037516028
118562347
14129860X
1037587790
11614095X
14368700X
115548459
135517540
123823420
116172169
118562185
118723081
124442692
116175591
116230797
115431039
1048700488
1020422637
116171537
1012279189
107519704
116236450
116228547
130475025
1067537589
1077876505
104286636
128936789
13611072X
121387135
1037629922
116285036
11638686X
118565796
103972196
128368349
107166221X
135129907
134171632
11635190X
1021102059
122649486
116264519
119438674
136334490
13390637X
118777602
124970982
1056083875
116274352
123981883
128409355
103733003X
111842875
116300914
116297182
103784497
116331631
122801083
116338334
116295198
1047269260
116338288
124173292
118777661
115599770
1161111751
130635812
116529512
118898809
115383344
119732769
1015903967
121897974
137571135
136970761
116389060
118715615
116288310
116389346
100202055
100202349
123281954
130635758
134429397
118723863
123293839
132028379
103979182
1056131020
124411037
136101771
105244024X
116241217
118939440
116587474
123857775
124019668
116644095
116588268
123667666
173134416
135141958
102545960
141239824
135255260
133791548
1096508966
129117056
13443580X
142666777
121445461
116574976
122840216
101380151
1130793818
171571592
113115660
134658841
131687727
11663393X
12144533X
116693231
1128666189
116682418
118715941
11871600X
134434706
136523838
120488728
100773621
122249941
118724428
130635642
1065698208
124773222
129846147
115440658
116556285
103789391
116559810
134435338
103913661
118568256
104137444
116592109
119220814
11755510X
1115810022
130636568
119301199
123540682
1034283650
1030016992
136511090
100833136
1037550536
189557176
101381727
135446104
1051903955
101381980
136586953
116552336
103124861
116549785
1055806210
116607157
128693630
123098777
1037496515
132546191
12972646X
118569600
130274615
120013665
118569317
100610226
1049712595
130344885
104086475
131781596
122638212
118570293
121201759
13686225X
122005961
118572121
1089813155
104173416
119375966
135361982
134945239
124708692
134706439
116994061
123381789
123381843
103915877
141505133
141245832
1038075726
124437893
118779524
116918241
116910054
120459140
11760691X
1090684851
103434868X
5116657-4
136621864
5324805-3
116898186
102449465
104268034
1076135331
103977937
10403128X
134442512
135851556
116996838
116985828
136671586
116138211
1147096767
128907053
100190014
134698525
102411271
1053273592
116851457
116850434
118572237
1140176005
118827472
118752715
129477443
118935011
124505937
136667953
118865900
104222867
1034296698
121387038
121070077
1077853491
119160048
117035769
117003689
1091218315
122844653
104178892
101488769
1141106299
118780220
124263488
1052113826
104303697
118575155
1057657719
117313785
1037566785
1037505425
122098994
118573934
1034063480
1032508582
1038243858
123333687
1073423107
11705822X
118573381
122917227
136768261
1085155641
118573527
130017493
119417812
11948756X
137587325
1150418168
117221406
1027192521
117227498
122170911
131624806
174071221
102374899
116660929
133234266
135341213
129076481
118781154
128912766
124623727
123536405
13444700X
104726465X
1037578708
117333271
118728830
123800315
118575287
135059402
101924531X
118780883
119211653
1034942794
118575449
32572-7
1076412254
118730215
11941077X
118921088
116783575
103975047
131954628
1101611456
130816248
134590007
104140860
11878210X
137363540
118917994
134456270
118732374
116792841
117546011
137353766
12973960X
100159680
118894064
116854944
131781421
115377328
11917426X
1022601385
118781871
118577824
118579177
11678167X
119259737
172951119
118577867
116842989
119065290
119064855
134457277
137936052
122815343
118580485
132269783
103796827
118511084
118731890
118578995
12056789X
136806678
118578189
116801832
119352354
134579763
123180473
1073508455
118731386
121440362
124453430
134456548
134459393
118824538
118732447
116988924
138942021
1076406793
118939874
1052801587
116728698
118951122
118951114
119043688
116735309
11878143X
134452798
116694475
132579510
116687991
118581945
134462076
118582038
1055232141
10369689-1
172681820
118583700
1151130710
1073447502
1037502299
120729180
129261750
1052246133
1089538375
1026933331
11945324X
1077895062
117082309
118870874
123909260
138396779
130884928
1037551621
1043805966
117120251
1017303274
11708090X
101379803
120407868
11691582X
1022874624
116915889
118580728
116881151
116881054
116881100
116881046
116880988
116881119
118580779
117561193
116881011
117741388
116876786
118732889
118783181
118733141
103814744
1169256783
11873430X
133905594
139650709
1045249793
100309038
116954787
116954698
116961236
120517973
120517981
11948370X
118784013
13702035X
1035095947
118733834
1055563857
124431186
134907094
1019961708
101141149
119338920
104273801
117016284
11858104X
122297229
1014023939
133601145
1073293076
13729526X
2030321-X
1089409788
128366400
120257726
1052866573
121201082
120532611
122107020
1147411379
119111276
1033624551
101490119
131975862
101458258
130585378
111887109X
142854700
143127551
128868627
141223995
1018996605
118795430
118773267
100264158
1134960905
104223596
136779751
130684201
1046665898
13154022X
128815280
1021859214
104055987
12028300X
100877249
143793810
11850178X
131992775
116283831
189563583
115389067
104198273
121295702
138277036
132282542
117348120
123609550
138639981
1076606091
120710757
11954931X
11614775X
112115042X
1025756010
102309841
117631086
124616836
102381283
1037499646
102286671
117764337
130422428
125366-9
137537875
11606319X
118651749
132570602
12374914X
118654624
119127717
118850415
122075854
119025701
1029630208
1037496256
123259908
1098218337
1070802034
116191686
102242162X
118943146
143647261
100043917
116096438
124223206
115388583
122666291
118661590
100788009
136221645
121260631
1077664958
11623346X
1020907134
116224878
139727043
1055532269
1026681863
102439435
135970180
116150319
118122274
118673165
135556546
12480635X
6147624-9
1067990704
117666491
116757825
124247296
14104358X
1018555382
117768936
1072981637
143458388
119477912
119458810
134672097
129303151
118685112
100838391
12846058X
122834593
102374856
100804365
11852786X
130584770
124853706
118668404
118668218
131592793
130581135
130581178
1011927802
132555026
1053047878
100117929
118687468
140583661
116413867
132100347
1037499174
135647916
137124678
116510013
1052209475
128861673
6146385-1
120769948
124381901
1083271733
12308122X
118829157
1076338577
117648213
102111847
1037552393
129954020
1090686196
142073431
120533405
116027789
120419548
119099071
116028254
117700401
129314420
13373269X
1034095455
118518275
118912232
118518534
1090716362
1159713006
1037496094
1037563468
120888289
120297450
104099445
100999212
142942995
104173246
134660285
1135986517
128366222
172925185
116489227
116487801
118534688
13095652X
118534416
139384324
116692774
100804195
118503839
116426365
100346340
142139289
11876196X
1090699824
120269635
118786792
16114780-X
11894553X
135583810
116357088
100455840
1037500105
119371758
129388025
118531379
135983002
134900871
133027929
1020741627
120178753
129299278
118525263
118619756
120735466
116276738
104175494
116863919
104175567
1037498933
1014001293
1014002273
14025577X
1049922433
1108810314
1037620763
12938366X
10021883-0
1072944189
11661692X
115489770
116149248
100133061
136849105
172892988
1146727097
1053291043
139778756
119415410
1090696280
1064676693
115452761
140898425
117287474
1048422283
156909812
125890206
143853597
121498581
1027580505
126242593
118775804
116517204
116152427
128198982
11852397X
116558555
11891796X
116670037
133713342
130601756
141474882
100479340
1037652282
115460675
1067954759
1035468697
118537024
6145328-6
107632472X
119314002
11738626X
127130810
119165198
130249424
132429527
143793128
18954032X
129538078
118829998
121528464
1022457322
143793632
103522920X
121721450
122689798
132374226
119091097
100142028
119200767
143645609
1052881866
124884911
118869442
1012413713
118689118
132326116
118689339
116494603
136480322
1037496442
130683493
119037890
116905905
136091415
1073664546
1063758572
11889207X
133158632
118545205
127404961
134389115
1016855990
11615232X
116905026
116305681
104173289
119365103
1025873076
1035468549
116502967
1106267737
102569649
134112172
119404230
124473431
116809795
122356306
140826920
1136098593
1079179046
1037511425
139873856
128442212
1067084886
102573220
135236924
116725399X
116521945
10050710-4
1067080961
13568529X
11655536X
10076615-8
12907912X
116673451
118548565
1071907697
100146325
102532206
138342326
1144371392
118542079
104254238
11870978X
123243130
104254203
130305146
1037544161
141356529
1037504224
118543431
103749878X
134643429
1037500148
143890182
120592940
143717790
139708669
1128630168
1096251272
115528873
100869599
117546569
103764252X
118553569
124982875
122079108
143439790
128678097
117239011
10086743X
132794500
118524895
1011974746
105272891X
129473936
118559796
103749637X
116032448
130356050
102758972
1079107991
100029752
10210901X
100363105
1053248288
118558161
142752134
116893346
6146579-3
1029629137
1180345711
1073377237
1043780696
100356486
1037499271
1026798485
102534934
100828787
118560158
118560123
103759972
1027741118
133817571
122636600
11855073X
120431785
116797460
1159604789
172141583
142155322
1037496191
117529591
11855333X
119531569
1162448040
107305263X
1017162328
1135151377
129841854
1020429267
1016374461
1073478297
122465903
116553049
121446379
125009585
11615263X
100301177
122264843
1019764953
116527528
1075006082
1028254229
141033932
129926590
135725291
129475521
1037606019
6146505-7
120663511
136601405
1175007935
122851277
117523038
139241760
1037505964
103125493
140621954
140350802
124804942
1031519858
130208612
115798935
1037496035
124767540
103857567
115781471
138777527
1034613995
118563734
122017277
11856627X
11635674X
130459879
118938020X
10420690X
1019285591
115486240
115375090
120158493
136422896
1078280185
119552418
12937749X
129809802
118917382
118505548
116657863
1052861334
1014395771
118627546
11928930X
122630025
118811266
117575364
135203023
118718517
118561936
118505491
139644393
117194891
119060949
116365781
1171148917
128778458
119009838
123094178
117226157
119116510
1078409471
118735128
1027553745
1155033957
1042696756
135350638
124268498
1035176866
1041637667
123594804
117575143
1123162093
11850553X
1077852908
1155033477
1162513705
116448199
117737208
116804831
118651471
13645979X
116054670
116600098
118646583
116387874
189474173
131992775
101382286
118722239
116564741
1031121196
115126945X
118600966
139656049
102017077
1033617822
132511231
1077339321
130638595
141359447
118636421
132206951
136718809
116003995
1029931712
1029928479
1029930708
122971841
133342956
118500805
104325453
1037503015
10244921X
123996457
116006730
1029933618
102199175
119024586
128585293
122709020
118500651
118644300
102509654
118648659
116012048
135784468
116331674
118637673
116308583
118829173
118649485
118503111
124943888
128348674
118501437
118868306
1065928688
11601198X
11864758X
135359198
121418952
119193132
116932326X
108138054
130567043
132734982
118501704
116286857
116315318
119008068
118648268
1139799665
118505092
119314088
103972390
118505084
117764787
121003507
100563880
104327758
1169844278
101374054
1027178944
1169173039
118505505
1169320473
119307499
116025360
1034698702
1169324479
117764523
1120736544
116215968
128732369
1053084234
129733474
132166380
132086794
104364467
135772540
118965964
135772559
124411576
124411568
135562716
135569516
132249553
1146791100
139214364
128911026
116216026
119555042
123526566
132228890
1140787489
121599027
123048710
12028572X
135754968
174178743
174376987
132249634
1169245455
1065207115
135772508
1143267052
105514160X
100936881
1035791161
118653393
135937809
103792198
121027236
118508253
1149525193
116105054
1161143750
101937120X
118657852
1037500288
119326728
118012215
116117710
1169245897
1037653769
103867848
102934673
189409231
139337121
101252099
2005573-0
120615835
1037573218
1160910014
1065638507
1044116692
116163585
1037504526
122762223
116164409
12860090X
174062958
115809583X
119042983
11851198X
118115073
1049558588
104860294
123031036
1066811490
116210206
134328469
11851024X
1037500776
104093528
118511637
1046351397
1037583809
1073604683
1037511999
122500075
123376114
12034369X
118655329
171972821
118655604
1037578163
1026357934
13176456X
118655310
134106210
117768375
137428472
12426557X
116120355
132890380
116148268
119000725
116146826
103774807
137190417
116194898
118511394
118511270
116149604
118510169
12884728X
1034109014
118662570
1089444710
123633354
124968546
135721164
115159427X
119163365
122849108
1089579349
116136855
1055196781
134327152
116135115
124614558
134329465
118509845
116181044
118659170
1037548817
116220864
116219084
11851248X
128536780
1169250521
123607922
116221097
506591-4
116225807
118660535
121020509
1037501969
124681387
108992464X
118512315
118661078
118660764
116232501
1139222961
1089921764
1037534530
174027699
121880427
134059921
123286484
122493443
118856774
1049232313
139803033
123045347
105528933X
116220945
116221054
1037500326
130928348
100051960
11874612X
116232587
1037502485
116221577
1037534603
117621757
126111189
118513737
134586654
119176076
100874703
116409207
137135130
144055805
116238763
1036327868
118514253
119512521
116407573
5245787-4
1082097160
13476692X
1072887576
119163454
1054964815
116384697
130123021
143252038
104114010
1169251706
1169252370
118809873
119355272
120691124
134849663
1017183457
121445372
1027020410
116469706
1037326857
140078320
113152469
189548401
118664638
103539040X
118515586
123146518
1027302696
120947498
118660217
1069526282
133053911
118673904
17239-X
123384443
1069525642
111257509X
115756221
133281507
118674072
116747749
118674609
118665340
121244830
1037534964
118517104
133872866
118674714
117186317
117174521
1061010279
12113153X
117172782
129604941
118515799
100833195
1026309999
1157559891
117083682
1148975470
6120842-5
1037503872
103145931
1037496930
116775653
117067083
117156302
132442086
119137305
1048166309
102090786X
129655910
1047651068
132634732
1028178522
121800598
118521098
124647839
104173386
118694146
1089753950
1026657830
1053407262
118816098
116458593
116458704
1033264679
1031195181
116507004
32760-8
119337630
135695538
119229102
11643290X
118518569
116431415
119177323
101364261
118520539
118668188
132024519
128842563
116481706
135326842
102374392
116629029
128624280
139775927
1093410523
123716055
118675648
116618116
116618051
2164547-4
6145508-8
118676423
1169253466
121497100
104074361
119514729
135145554
119351080
1169253008
105514028X
1028271549
120815796
117691208
135329779
135952131
118517821
1055142363
118666584
1051822394
118665618
118665685
2006664-8
1123525714
1076183301
118675109
1049945522
128708824
1026274567
102559066
118876759
131413694
118518011
136087337
104366818
1019748451
128583908
116866918
1167260627
128931930
1043461221
118658166
11850777X
139744355
117735345
116755792
1073450805
119127601
11613481X
100611354
116149493
103780777
117010499
117602515
119160285
117015245
130626074
1042200335
119093502
118649361
116919604
120753634
137731663
120158612
118725815
103915303
116991615
118571869
1117565580
118501054
116296267
116279729
118646192
118638629
118178121
116311274
1013701127
116316608
120582074
119000121
2050057-9
132235080
104136081
118864106
115486100
1038514843
131895044
100820956
124586732
115759980
133946460
118573349
124680704
141030291
139742360
118956124
1072940469
115872787
123669049
1154706001
116222743
142035254
116043660
131512501
107297794X
118523708
116766301
11867692X
11654127X
118522582
13366578X
116612037
118683578
118531522
116599936
118548018
118547739
116635061
1037801563
1089272693
116332603
118530801
141356936
116584459
116539216
116471751
120474867
1023873885
101128517
1025770668
1067367888
116298456
124256929
13058049X
118823248
118512579
135551056
100491898
116834633
118731297
118534556
1072951304
119526948
100604889
118703250
118917218
13213571X
102620768
118520377
118520814
118518399
1072979039
110562399
1065830300
1072913771
140871098
117738131
116368853
1073366146
1072912465
1020151978
117011072X
118582143
118668005
116493623
1072957809
10436047X
119020742
1012270467
1034747053
130627011
124685153
118574078
117190985
124718523
104073535
1012538486
1013021487
140506039
102513597
118730770
122103599
137569718
1071845306
12334073X
1053516541
14269973X
100166326
130626260
135904978
118903861
116720948
117333271
116667168
101878141
1019407425
104268336
1033388335
118816829
129833339
118729225
124270859
116038829
116140976
11695499X
117081523
130237086
1157510566
118707795
120233053
1072990881
118781375
100833527
116971509
1018465383
116906294
1170361404
138716102
116736313
116759194
116779608
134190645
1156306132
11873069X
128235896
118566342
116343478
1072931095
116399546
116352884
103911553
116617616
1073441024
1072983435
124020313
116234776
1072982579
116222433
118563076
10408040X
116206896
116152133
10350223-3
115389385
11683420X
12964594X
1051230128
104268565
12204567X
116898798
118586408
10414419X
132639335
1073669734
1148117490
11697673X
1037535413
1037502043
128475099
104224142
104093447
115698176X
123393647
117163953
117162477
13737738X
120252805
137377398
118783270
118897993
118580744
1073446352
118668390
104224282
1129896625
117047155
117041556
118924176
11700930X
105519682X
121685926
139783385
1045737143
118732595
1025848187
118783610
135784271
107299321X
11858460X
1077066430
116936371
104066911
11931715X
118641131
1037599179
1185701664
118874942
1015325785
124595456
1014523125
124981011
1025171772
1073128865
117041416
1019738685
11899963X
1089264666
119200775
1037569008
1016467931
118735853
117039926
138259240
1037564332
124376045
118735926
104248238
117170399
117150428
1157510418
117148970
118822756
136281532
118641433
1073001172
100867081
1037534174
119481456
143553577
118590278
12390921X
101364237
1072976617
1051688760
116091991
5201672-9
100246184
116076526
103932593
129078506
122436946
123218926
1037629663
1030332029
118789422
2017360-X
10413478X
100001718
130119865
118588893
117022721
1016928432
117742066
118593765
121010392
118594885
118786113
118594427
129479845
138250294
116139560
104157763
123175194
100535410
119088797
132881144
1033806943
118587544
118587684
120808684
143875183
104240059
104384425
101234074
118931482
120801442
104372796
1013699300
116368640
1089561903
118597787
137251866
123731380
100867707
136763448
14176080X
116455721
121347915
141457724
121379493
1013905024
130656321
133758028
1052838723
116427671
116436123
100625320
138449392
133742334
118595636
1020426926
1054824983
1037509919
1037539664
11645864X
116579765
1037546431
116501145X
116576170
10424478X
104293896
104294027
1067957472
1145718612
123924774
141817976
116544570
116543205
1037647440
103050159
1025508254
101417466X
121338088
100540686
118074067
118597396
115548149
122146980
118641786
139237933
118939599
143996568
105776986X
117504815
115661905
11879518X
132202506
118608355
117327077
11684938X
128962534
1037505972
118607960
124258425
1037500369
118608339
118602985
118609815
119237911
1037580567
1041289774
138180059
11729327X
137047762
140257187
1037537483
134845633
118603426
1037495977
140708847
104197080
133117669
117722227
130814970
128694378
100763871
116621249
104245468
118749560
116578203
116767189
1138458619
11701771X
118605232
104197382
119523094
133097900
115526641
136870635
140348107
116702664
1076778275
120115093
133028666
123596823
1037534093
117233927
107350414X
1073014908
138143609
118606115
104259140
121627454
6147611-0
117193178
132120526
101270985X
1037551710
1077316100
117206717
117194875
1081744952
118761943
1037634594
6146513-6
104285079
1022099728
119213729
118616099
1016768966
104332042
116867264
1037566912
119512718
124922945
156639351
137097360
1037496876
1019191090
117282022
103750528X
118611410
135898560
121500411
11711684X
11710745X
121748723
119525747
122845552
13834907X
117463493
135638011
1146031270
1053586973
109705831
1024898504
100123708
121202887
1011618958
117459313
1067941320
138453039
1073020282
11923789X
1053955138
124046436
120971194
137148747
1011791838
104206780
11682543X
133045927
103958290
119322366
1131590406
117448672
1037562623
128990813
130170100
1153228866
129203483
122835646
10437294X
132377527
116899239
140820175
11874125X
116189444
136399061
117487643
16040402-2
136219586
1050572971
1015326722
5031788-X
124387101
100020917
13426293X
143747010
105190756X
103841830
141033886
1020675012
117426954
118877828
117433616
120379007
123383404
142244430
116282266
119209071
124444822
130794058
104043806
115446451
189539208
117416460
119049546
118818627
103750075X
121948218
118626175
129733199
133641694
104157828
130219118
5164135-5
138807051
102555222
137265387
104285532
101303971
1012848485
131473336
134894561
140038655
1026430062
101328836X
143856774
130825743
102286604
1052199917
105555453X
1132098807
104227672
1019875550
1053436106
143758969
104097280
1046579835
1046357816
120591812
122523490
1017620431
1028665547
1014793718
105613397X
124002595
122590201
1052844243
142662119
104313609
117216151
140684476
140512969
103037497
122523504
115843256
105283695X
122306546
1044131098
138617627
131432931
11715850X
11862976X
100667430
104206799
119262347
119512122
120189372
117303437
114712809X
117285323
142221309
1074259203
104318694
1037508963
134586638
1015131778
1125540400
135898501
130442453
132798980
122025156
121708217
104154454
121490785
13445345X
124535100
120755106
1051880424
118767755
104047771
1062659252
118594117
120480778
129340820
118628224
135209846
1037650182
12070465X
118627813
1033907618
104177713
10414064X
10417689X
102816964
1017714290
1036230643
124065309
12936651X
132670569
129478598
118666479
136862055
1049294793
1049358511
131992821
101076983
118633112
130475831
117380121
1063045371
123566452
1071071742
117411442
119055716
13708210X
122783212
115445471
139980970
1037542908
104320494
118151452
118771957
132086867
1035268515
139841873
1019756683
1055544682
121143953
119273950
122781961
129455695
135573262
131455680
118767100
119430797
105261857X
12912723X
143152629
1015898386
130237264
102382065X
142749508
117218456
124534767
143361325
1019315636
140264256
116924498X
137934998
136379842
1037602218
117004669
132249499
131570595
16003519-3
1063045363
135754992
130579165
117317179
102526214
1014870445
117265608
1037498909
6146438-7
117318701
120199041
115620621
143328255
139477810
11731711X
118755714
118620916
118620452
117391220
1024132269
11723589X
141192070
117231541
100595189
1073067068
1073508706
132160536
119065983
132947420
135903653
103372467X
117248932
117255335
104126299
118621009
122446879
117256625
1065483872
1074706196
118622994
1024070360
12989432X
119382814
1037504690
138148-9
117261637
118798936
129040037
137784007
10223244X
128800852
142118524
118637819
118660489
122027248
100977480
100342116
12301011X
1157486827
118660438
130380237
1162160950
1037583752
1031984690
103756085X
116295260
11864839X
120284685
109813855
124478271
116212780
118995022
128964790
132205866
134691903
142817511
12929327X
116040505
124411266
138176620
116047127
121254569
1140174665
132392682
1037583337
119320207
11930791X
11606840X
102118960X
134704266
13180426X
1072837307
117767611
118653938
118654292
11865781X
12457873X
129077364
104063750
116114657
124071201
129008559
141123648
121611175
1037563824
118667505
1081215046
1089808712
117112887
113395299
138064768
136437966
1041345771
11869250X
104783331X
13058603X
1157512046
134537734
1037597974
142363936
117460184
123002281
129823767
123375975
1059898519
1129818373
117367370
1072051672
134524829
1071498827
120545772
1159575541
1143571053
119296225
123531896
100334490
102533490
10218206X
124630391
1070264091
1037572009
11850245X
122235401
118648748
1192844734
116299053
130577995
130577944
1064059015
119512297
118504347
117764086
119612968
100018343
1153565455
134183185
136952313
107253461
1132720796
110311043
100422977
1073961850
116056908
134321332
115706704
116057270
120651726
116057300
118507206
116081384
142073016
134180518
124073921
115833706
102499020
143950371
143435477
118850091
130103985
116114525
113029241
116911514
118616374
129102490
118021834
117194883
143180517
117203068
117477958
119799162
103517457X
119601192
118501550
118645447
101972630X
118918834
133333892
135746515
12887726X
112794300
118508288
123261368
100054102
135180007
13591647X
1050418972
128826894
1018306366
117340529
129891843
1067078746
1184314446
117392049
1151090212
118764551
117246603
115400206
118647814
130343579
1018127526
127072373
103750447X
138689644
118501690
11911139X
115829199
128866160
116315806
129479187
115756183
1015771033
118504134
118650386
1071907654
129044857
1034700146
132173972
1037540085
117768464
104029935
1037540077
118808494
11872309X
106265790X
123454859
1170814654
118516027
1083056085
118516051
1055140298
103769544
116820950
1037604113
1067102736
105586196
103145796
1121532500
11930094X
103983783
1026709148
1037531078
1057679208
119514737
134471253
134971221
119072238
104276940
123881439
118659413
1051994276
1178564398
124615813
11888588X
1024118061
134591313
