#FORMAT: BEACON
#PREFIX: http://d-nb.info/gnd/
#VERSION: 0.1
#TARGET: https://weber-gesamtausgabe.de/de/gnd/{ID}
#FEED: http://weber-gesamtausgabe.de/pnd_beacon.txt
#CONTACT: Peter Stadler <stadler [ at ] weber-gesamtausgabe.de>
#INSTITUTION: Carl-Maria-von-Weber-Gesamtausgabe (WeGA)
#DESCRIPTION: Personendatensätze der Carl-Maria-von-Weber-Gesamtausgabe
#TIMESTAMP: 2019-05-22T10:27:08.521Z
104228822
11852836X
117056383
118548174
116581646
117450995
117437190
1052857027
137574886
118904299
13095778X
119009048
1012457451
118558161
116235160
1053427077
122607120
118730770
116258934
118601261
120687615
134756908
119348314
100540619
116333278
100790305
116574895
116408936
136534112
116108886
136325203
117163902
118852027
137401736
129291765
119396289
121137473
135098157
116397500
1036892247
118745441
118992333
117229563
14234110X
1032151226
138074488
102606841X
141847166
117399620
118633058
117290696
120163683
11737492X
117394963
122393929
1140870211
117197289
119460777
118804928
117456918
116301864
117456934
117342882
103958274
139852182
116752505
117420638
117299545
116987367
117443018
11742692X
119055716
100700411
116042680
117300608
1022248936
1032156031
102375070
10430376X
118637533
116948779
101945704X
117269565
117333255
118636421
1081850132
117379298
118700421
118806645
117295752
117447102
129489867
118633716
117380105
1034559753
134302664
120755106
119357550
116480807
129477834
118767755
131757784
1044333006
128943769
115363688
136334032
1104959755
118528386
11615120X
1051524199
118590421
118519255
1012268489
116730072
129351105
1012968618
124864260
14003563X
117243310
116233230
116039191
11860354X
121872513
1048541835
116119985
118510169
116120355
134129210
116591358
10427719X
131346954
116107650
116221054
119474735
116160314
117462608
1028426135
118824775
1023591979
102499020
116207523
1012176398
118508288
116195398
116233214
116163127
119047365
1034489860
13235554X
118510347
116148527
116101849
136959660
118657887
1032615583
116205814
116194863
118095102
116155485
11613481X
118508008
118512978
143906437
131462938
118660764
11612363X
116149698
119127601
11897307X
13848676X
116208716
123042844
1050651480
116208503
116208074
116199962
1079275835
116114819
118511882
116150254
118115073
116120800
116155582
118655329
1033970972
128931930
130840246
120150697
130803839
103869948
116209429
116148500
13213571X
120659514
118535994
119165198
118693948
132024616
116419091
135733383
118828703
1067143173
118689878
117701130
118917218
116643013
11869362X
100168450
104262974
13600363X
136679366
119217139
116689498
118837052
136375758
116843586
116613483
116988177
117753416
118910086
116659718
118836927
118722700
116808454
118770489
104236736
136026257
118732447
122614461
118869442
116643021
1067140069
112856780
118535749
118692429
118692321
116882883
118703218
124164285
11739310X
116642955
100278043
118534556
136123171
118847635
1036945286
100672302
1034720554
115523057
135973546
129476544
127312048
116825227
138778981
118703242
116873612
118814044
120824000
118545426
1020227702
153121556
117721638
118507206
117112984
104274212
102208247
141654295
1030374503
11617949X
133576582
117173266
137923651
12020620X
118549448
123838037
100499635
122058445
118555855
135294681
102164711
124535208
1018729577
11910704X
116872373
1069219452
122990226
116256990
1012703428
1012368904
136456170
1012264130
142302198
100240488
116094214
116194022
116299347
141504838
100845908
1017691703
123839491
117673862
117761060
118612425
109504933
1014359422
137998155
100704018
12483342X
102199612
117422959
118633902
118632884
134554442
1025374983
119362406
117582115
134557069
1114418234
101382952
1022247212
118767038
1027477445
131687727
123473918
115606513
102341435
140127364
116332662
102453314
117333840
133377105
117334596
130249912
172458250
117395188
117581658
117320617
117580724
117411051
1072860368
132626330
140853898
118632825
108990780X
104011599
118540246
102282099
118631748
120494655
102546827
14061785X
104206829
129798282
132518694
132425084
14185880X
119105063
120671719
102104387
117305480
118807633
119399857
1089574975
130175161
117157678
118627910
117369470
132318210
118855034
134081978
132392984
117158542
118643231
122361261
117369543
104023899
117464406
118770616
118627813
130840815
11725360X
117086940
117242969
117096261
100470106
118629662
136283470
117314668
129648329
118522582
133461440
117447579
139097422
117155713
139625143
117311154
117102857
1068389397
127995625
128988444
1019151951
119429829
117636738
132203006
118625543
118806157
118768964
130841013
119515903
1032896930
103755132X
118627546
138024553
130841080
1144508517
103131876
118627929
117086975
117240788
118571656
119019264
117447455
11683515X
137238045
1042564906
133113892
117426954
117007811
1013722647
1059632799
116312335
1042476896
1052851037
136672760
118724347
118554514
138356009
141501057
119205173
143061003
116391448
116035633
104950674X
118613642
143883364
116303093
130579181
104018593
116152214
118660063
118622358
116047917
139683658
1036857441
117181250
13909542X
116179198
1070186821
117391018
119196190
118572741
116859628
135697891
14242823X
1042684235
116791810
13346170X
14338578X
113299451
12438272X
103944419
117413135
116119756
116793368
130114030
137717725
135965179
135729300
129473669
128675756
132590913
11853601X
116403527
117581364
100545580
136194575
174063725
117006777
118809539
117418382
100407129
13178031X
100825982
1014809282
118612433
124268498
134524861
120545772
105693767X
13451985X
118867946
118612514
1056922931
117466506
104339981X
118764551
118614126
1106003683
132511231
104783331X
119121328
119827581
130615595
104196513
12348796X
117437581
117441872
133197212
104094427
1050384881
118748521
140172319
118764756
126837899
121096572
129166626
134675061
102499683
1095907549
1071498827
118614304
116444436
10041544X
103948171
118613073
117375578
11874867X
117473693
11861214X
126812985
118614819
134684591
104070404
117247588
1012562395
1034863673
131205579
131702483
1143571053
130615463
143251872
119026139
134524829
109096185
117100617
117500089
105330305X
116221488
10416588X
118639528
11928930X
1026762219
118547453
116393661
11651194X
129473316
118544489
118548565
135926408
116540044
116405465
118545906
119401126
119186322
118546651
116667168
118911910
1033569593
104069619
101226307X
137081286
137683723
118973649
173511937
121501302
116369620
132457482
104367148
130609528
116563486
129475394
122630025
11666696X
116650796
119355329
118709712
118835572
1073406628
116563451
136284523
118546643
141702044
116349158
122785851
138990166
116491825
11669033X
1020610255
133624269
118547356
116368861
116368926
118773607
116659157
11741591X
118709143
116783575
137915853
124953271
117197068
134677307
119115530
117201731
119399253
134571223
173019633
11734852X
118620878
100597289
120763168
1113681047
138406464
13453736X
117197319
122997727
13639728X
100624944
118061305
118802550
134681355
174065728
129891843
117195898
130617962
124762603
128423889
132686430
135495156
1056767928
1012101053
120211874
117400513
1016630956
132828065
117341428
135927064
13453493X
11729781X
131358685
117353981
1042800758
117375268
117392359
117355275
124765556
134540387
118799517
118620088
117394122
117274852
121827631
11862119X
1036716864
117301116
1129818373
11739131X
117391301
134708008
12247869X
172414474
11536014X
120333422
113358733
134537734
118620185
1031617787
103891986
117359602
119238098
108989368X
117421227
135905443
1036997022
123594219
117045098
135925460
116671742
1046666134
117310719
116514426
137076304
118793241
116622113
117027006
100094546
122210999
136106358
117144398
11537874X
116094257
119424940
118596608
118895923
116314338
116985070
11857826X
100172164
130664480
105763004
116956739
1038489601
130248789
160282489
118659170
118576291
129135992
116305630
1067476210
118725947
1046950363
13834907X
117338370
119408163
116768703
118604953
117061409
1077453132
117061441
116450037
117015245
118580728
120407868
1026933331
118870874
1052246133
138942021
117561193
1019961708
134459393
122297229
117120251
117735728
118580485
134579763
118732889
1043805966
134462076
104140860
1073508455
116316616
138396779
122986547
117741388
118917994
157733351
116881011
116961236
130884928
1045249793
116880988
11948370X
11873430X
116460253
136806678
13702035X
116881046
116881054
1076406793
117546011
134907094
119149575
101141149
118824538
116956887
11708090X
118582038
116876786
133905594
104273801
11945324X
1077895062
132269783
121440362
101379803
139650709
103814744
118783181
143880519
14352609X
116520655
141831774
122651634
116287322
122955242
128423749
118574892
117550175
129766054
118637266
116422408
144055465
136803881
116001593
117103136
102166587
102411182
142594350
117022624
136195474
104378697
116507497
118725343
117381713
117022667
131485040
1057769851
128564776
1046930524
100063934
117021938
116479612
116555467
117237957
116261773
117596205
118566342
1041648847
117174602
117327433
1050461177
116344512
1035179288
119285533
119223295
118610953
115752870
135112370
117572098
136503276
118645110
120440067
118630229
118858335
116021756
115663916
102499322
100844979
104197382
102199175
118501852
117764086
116080256
117441651
118504347
119267640
100419224
116311118
10110555X
118504118
118506358
131670794
116131810
11864758X
117151882
115664823
126428956
136536395
113666691
1020508957
104307196
104057440
11882581X
13083856X
117475165
118630369
134128141
124253393
137347936
1014827442
123961602
117298611
13455423X
119263475
121649237
1117595757
133928977
100681751
117141712
118996525
11898599X
134785096
124580939
104296682
128775432
118835750
121044661
1074843223
117276995
134548809
1089263325
115667199
119499231
122493699
124827721
134855884
119189275
132419858
134920643
1027189814
118773267
137473788
117120081
100696309
118628666
119009838
1073396274
130159409
1043651365
117091235
128518804
134553322
117131407
104654058
117116165
118764187
104005580
11721857X
123691958
130841161
119003791
132688794
172450721
118665340
1019498358
116286857
11850004X
135904587
124411568
135933420
116279451
103104674
118514253
115829253
118517090
135654823
172386586
117666424
118517775
13871200X
102893969
118650874
118809873
116202149
118512552
104375949
11867384X
121457591
130567043
1023723174
124692923
117022470
118741632
124738796
116260874
104040270
116202882
102909385
10400715X
123494591
134484886
119303752
119554488
116671963
116821701
135432987
17425699X
120716771
123594804
121062244
116268891
116133872
124365248
11946912X
115620680
101845117X
118739964
12144550X
118741713
123609844
132326671
118594168
10379302X
13484596X
133583708
1089872585
104150998
121253171
100227392
1073993337
124768075
104287071
104226056
115379975
134698290
129292206
115845917
1073291103
121083039
116135220
11624870X
1076541798
116264950
118951076
118592769
116449926
120346400
132453665
124255493
172306639
121673677
10437182X
11859348X
1034849166
117327441
116708832
1066707707
133650693
117275581
1071099329
1048343286
11667072X
1036988473
138141177
116572922
119466910
118607057
117194891
116609168
139567038
117093165
138141118
118607626
117093467
117226157
138130604
117323500
118607782
118794558
105546476X
116665920
117598410
1047777304
137893396
118608096
12239657X
11860757X
122244982
118602985
118603426
1073952894
116627069
183611721
116675799
100329632
1107196477
117502073
116707801
117273783
131403958
117102067
136337201
102989633X
1016453817
11710292X
17408420X
1037324803
1012300641
118749595
119304805
118750909
135898560
116638109
116625155
117222828
103941304
107857677
11732633X
1035134780
115630988
1025837444
116637773
103646783X
138103526
116628243
122728165
1055685553
1035138441
134512545
117514608
116837217
122081250
118607103
117271977
117326720
120430398
119431246
118012355
139386378
118607669
118973967
117457035
117231290
131683691
119022125
116836857
125819633
129218839
117220388
11860841X
1036767930
10785869X
117501816
173080537
117324434
13014505X
1055485864
104117796
13700558X
118759817
118754688
139565612
117506095
118759965
138151938
139287876
118754408
121488578
118609300
141665289
118754394
117269956
116829303
116521457
129712671
11860953X
100876412
116815825
119414007
134511182
124095739
119552418
142011479
134513827
115399798
130089060
121623475
138248427
1089744277
118620916
117222496
129701408
118695916
10419345X
136480411
137434421
140137491
104345616
118690450
116809299
173087124
116731761
118540238
102522359
116323876
116542063
116649666
137302851
116592036
130590762
136480446
118686747
140233547
1073606325
118539841
104234520
130591246
116666390
119380765
105337285
118896156
129486124
122844343
137741189
121083683
11680906X
116589205
118891464
116539941
116857056
118699075
1018977120
1046599224
116908327
116542020
11688830X
11665810X
117558850
1038112001
117219770
128553170
136291732
116908343
116589256
11686625X
116592079
116540079
118542079
116564741
118690728
1021278440
18953351X
118538810
118717170
118542192
1048595595
117486175
133667642
118938533
118616366
117478202
104136391
117472484
118613480
10218206X
133663264
117464392
133601226
118684302
119118300
116136197
117508594
1077915551
139095381
117240044
116106212
132511568
121622886
116718854
102533784
104206780
129252301
142437638
104091657
134064658
118797999
117400890
11746483X
118617273
11747617X
117260711
100562507
11875243X
118856138
13220763X
118617451
139321292
102200009
117398810
123721032
118613723
118617818
1020251131
118613219
118616846
117460087
117743615
142744964
137697961
115843477
142301531
138676798
117472107
118839853
104332042
138225095
1036758699
117428612
139587853
117491055
118616374
116949031
1081205946
138619107
116733888
116336382
130840653
122171403
118577891
141495650
100439675
116037881
119354438
104137746
120258641
133659852
11737606X
104173793
115706836
116429682
1011645971
117495255
117246077
116664134
117592757
117446408
11730767X
116368853
131556835
118518860
11877638X
103722941X
116598271
119529009
116515368
130841048
118563343
117330132
127686576
103866469
136261698
1073163792
118592858
137634102
116150335
119255944
118696211
117440302
132670569
117048984
118908138
116675810
135483131
122099052
1051155223
12854743X
116697164
102834180
122254678
118812688
118804952
116711728
129014893
104142197
104206896
116675594
117193526
133048322
117099821
135517362
117193488
116707038
100562868
1032138068
116723750
118754319
120633728
118604597
11892737X
119183315
128479957
116804831
104304464
118503111
1053394128
134616618
1037561201
118605976
117749532
103214047X
116671955
124974120
119037696
125428200
103973540
10232235X
121349306
115666494
123641683
119384000
116725249
142579254
11678041X
116711663
117366021
135443660
118606360
128688106
104075813
116009802
116603054
116163712
117444154
118531522
128572906
103970649
1077499981
119011190
116760079
104165707
118579371
126087482
13606244X
115437371
117269891
117521523
102109109
116909161
118575236
120974770
116611650
116480289
100794548
103847189
131412000
104125489
117235288
130841137
116778830
118552805
1082562483
140495053
132532042
116469196
117611255
118921584
1013799119
133193934
117123560
119434784
1011852608
1046756982
1053063296
10016806X
117071579
174057660
131209205
1028026560
113709323
119242265
118500694
118704281
1071672428
136168744
124651216
118686577
116790962
1055273050
104004584
11884704X
1069218219
124366953
116690402
143482297
134497724
120482673
124122280
136543731
118785419
129462764
1034287079
116398728
142193836
132466848
102424853
104286865
116490853
10369997X
122111508
118697943
1055095969
116607157
123667666
189557176
173134416
136511090
135446104
116556285
118724428
134658841
118898809
116592109
118568256
129117056
122840216
136586953
1051903955
130635812
123540682
123857775
135255260
116588268
13443580X
119220814
130635758
116389346
134434706
116447087
101381727
12144533X
129846147
11663393X
118715941
1077852908
101380151
103789391
116559810
124019668
103124861
115440658
116644095
130636568
116379987
100773621
133791548
1130793818
117187941
103913661
115599770
123281954
118567934
130635642
116210680
116587474
141239824
100202349
116552336
1037550536
11705822X
100833136
134546857
104072601
1053278055
117291390
129200395
120270692
134544471
129891886
12256992X
118649485
116957212
119049546
123163234
118804375
123075599
118041878
118770322
117452319
121248186
117478008
141143061
12226195X
117291447
103098291
1055209786
1069137588
11876912X
138496943
118804154
1053359950
117311189
118768581
118767380
118768255
10397184X
133140687
140907459
120431238
117482145
123834252
104311568
1068191619
119127709
100649416
123600936
103977430
118627287
127349359
134547861
104717863X
11743552X
117451053
13061744X
118572148
118768301
117398926
116152265
11746337X
1024689565
11741462X
1123236143
1036744949
118735365
118683861
118681370
118549553
118963147
118535986
118621335
116897368
133144003
130040959
118598031
119149419
10242487X
117135550
118780654
118606115
172925185
118646915
118810669
118626574
132609347
100832083
1014247292
118527924
1029842930
118797042
11861794X
118907832
11851993X
11852156X
118607987
118500856
136044700
118802399
130841072
132515024
117158755
118538969
103922601
134822412
142293849
116955139
115355405
116965738
116221445
116036869
118754599
117604461
116544503
137991517
117395404
134864220
132202603
119060752
116290897
118638831
151670463
116812575
103908366
133667693
136214924
118598155
133045706
1071845306
116887923
132546280
117445614
104133368
118735098
116419210
138510431
1054551693
121115828
100155324
118561294
117369047
122638212
116414006
116244321
11856014X
116643765
121306127
11705870X
1018255648
116016809
130187275
118749250
118624105
130474819
129489956
11638896X
10391000X
119498162
116609885
11871600X
11622732X
11627364X
116396954
118713507
133698254
11617207X
118939440
135745438
136062814
116246278
119060949
117458813
116602651
129147958
118885235
104294183
116187689
118563386
135697875
135733456
11898618X
11635190X
12081997X
123581656
118563300
115694056
118811266
116533676
1036382524
118567837
116652047
116300914
123520681
116260645
10912796X
1067698868
116270810
100197035
142345776
116602678
118565796
116292105
118567543
1019430818
116210974
116300590
119184710
116535547
118777238
136128521
116389060
118993852
116295198
136334490
1012279189
11659294X
136970761
103733003X
13632553X
103979182
128936789
116288310
137571135
119438674
116274352
128368349
115383344
116285036
103972196
116228547
11638686X
111842875
123293839
107519704
1036525147
107166221X
130928968
104286636
124411037
128083859
116338334
119312700
130638595
103784497
118723863
116341564
118777602
121387135
116236450
116338288
119732769
12937749X
116331631
13390637X
134171632
121897974
1067537589
128409355
116297182
1077876505
1037516028
118574213
1056083875
132206951
1056131020
116264519
105244024X
1021102059
134429397
1139222961
118856774
123881439
133281507
11888588X
118674609
120947498
116469706
116407573
123384443
1082097160
174027699
104114010
120691124
130123021
126111189
101042159
123286484
105586196
1037503872
137135130
118515799
1037326857
1054964815
134059921
1052861334
118674072
122493443
118513737
113152469
1089921764
116220945
1049232313
143252038
123973236
129604941
118659413
117621757
144055805
132442086
134591313
116731923
1036327868
121445372
134971221
104378727
121880427
118660217
119512521
116775653
1027020410
118795961
13476692X
119137305
1024118061
139803033
119355272
119072238
116238763
133053911
1027302696
123045347
138270864
12946581X
116653744
117597295
1089634196
1041963602
136187315
142302104
116019220
102533490
1037502973
119267632
133590968
1036885801
1030134146
1052839452
118542648
120267659
120583410
117033634
117192112
103928774
1056075678
127718702
116864982
1056834153
123840341
131505785
117321826
117360961
123852374
116848901
138215782
132323621
117072435
11861116X
138216282
1046301829
116581530
100895484
135014905
119020238
118611666
116902299
120451026
11710891X
118610708
1071962523
133014312
118835718
116923571
119306670
117247146
117117110
117132926
120729237
1057942375
136842119
123112400
1089784058
116852976
117294527
117646709
121539830
117141054
117192546
1074004027
117060879
135766540
128480343
113910436
116848758
13182807X
138347530
116780711
118552589
118795651
1037504631
137050402
117201758
116030534
129486140
1075765161
119356392
118550675
116073829
13771775X
137716400
135707439
116044640
1012275701
136991092
11705867X
136423396
118557432
1067410368
121437604
116044578
116927755
132180065
113667213
116038829
136186491
118559559
119072858
128678097
117085316
120815893
138716102
117058750
117084816
118555324
129475084
116883022
116180226
119333473
104182172
104295511
118723049
116193212
118712322
118560166
118560697
103943188
1055140581
136193773
119189747
116126574
124982409
116126566
136285848
118628097
11712687X
14277460X
129402419
118721313
118983849
11871290X
132180189
102479844
119515164
105758183
104130792
100506054
117398845
116984384
118937367
121572005
119077701
117059250
117058955
10134435X
128642866
1033732036
116393610
116261277
116330422
117026719
119010097
118822756
118592912
121613801
11954265X
139219129
102202664
1076087221
104135034
116108002
11917099X
119314061
119322404
139167862
12115873X
118742361
1065277865
121154556
122966015
11601847X
118592955
116995408
1026177170
138493693
116584394
116003472
122720466
118792555
118593005
118792458
104151978
100001718
116166762
135745721
11775031X
119071606
11620320X
118538322
101372531X
118735896
116575301
136725147
136160433
1015770878
11602321X
130148490
130928933
117425214
101464525
133823075
1026867614
138597073
1057739669
117519901
133354334
134368142
100804500
1084352923
1137649615
104319321
11868518X
118746405
139814388
123361761
104021454
118686593
119120674
100119662
11868521X
11872262X
132297043
12302000X
118686356
116409746
135684986
174046073
122155572
124670504
116652357
136014852
119234114
128518707
116058870
135158133
11868292X
1047869411
1058047701
129464694
120468670
134674049
123336627
12148582X
130366633
116447710
116410051
124015875
101311974
134371151
1089838069
174044623
121445437
102455244
132402130
135170206
126180342
11072433X
116541296
102308888
11648666X
119444933
134844327
11643788X
118896628
116425725
104113634
104175931
1056158514
122345541
116574712
118684663
137318073
1089825773
120107112
1109801890
119116510
11868499X
118685414
128893486
105794307X
116221798
133095959
116407514
117087718
102456049X
1012288811
142573175
139109633
118681818
120760223
117026387
117597287
116323477
116781025
117337455
130237264
136611826
143744135
118587668
116855908
119322366
1029371636
128781181
1015710549
1051149649
129461288
116716460
119154951
134960483
118554751
119559455
1026300568
1048536742
132283662
100844901
129474231
117739294
100608361
116969040
118707280
118706640
116797126
116790903
116744545
11940124X
119267659
118551124
101054246
11694305X
119265737
137603126
130117714
118980025
116700785
116738529
116008636
115430229
116952431
118552465
116700289
116991739
137600046
116070625
136536298
118774778
116760931
129431060
1028434065
119538121
140826726
1073374289
100563880
1012712176
117197629
123282721
118511947
117187402
116106409
118648071
115444378
118658875
1015180728
130857351
102424799
135551056
119140802
116481587
118655191
116409207
116237066
119256908
132493446
119307499
1038165792
116089814
117039225
118505904
130104175
118677667
100093302
121097021
1143064305
1028337000
116054670
130009539
1143064135
131747568
1043385894
124480853
118795724
118676687
116717424
131533665
1046434306
1058376888
119351064
119514729
116758031
1073420868
118523341
134623614
118834967
141545550
6145508-8
1028271549
119039001
1065635974
119650967
100864627
135725178
124362540
121800598
118524186
130583537
116629029
118670247
1025730895
119486725
1026709415
1062724143
132148870
134354990
117691208
124412726
102441219
117626953
136044573
104066873
121149951
118523236
1081215046
121497100
119648105
11901176X
11852321X
124662153
127213252
116640243
100178405
123632358
103977198
129988863
116599030
116230797
116360046
1089840241
104360119
117377538
118516051
132425831
134737822
138159963
1023664070
117483478
130841099
118621769
11689041X
118793381
118760467
119531569
118780042
121408000
116317094
14142060X
13621309X
116736151
124300251
133698416
118940139
11857938X
104150793
137198663
101973700X
130325562
12945351X
11879471X
102552185
118540505
117327077
118698753
102909439X
116753773
118585274
118697277
116231661
11630880X
1031546774
1037000714
132033259
116689226
101721986
116032723
118725815
100805949
119167972
116881100
118549316
116884908
131886738
116267771
117336289
117307831
119291029
118780743
118832824
137125348
134407407
118553771
137595395
127764879
129355291
115729631
11678735X
142081663
107137291
137600690
118706055
118978284
12396668X
116962364
120309823
123885361
12376372X
118951688
118706187
115529519
136139078
116784466
116898348
121433986
11877459X
131457152
1034904337
118704133
118550330
1011617501
116917717
118553356
100358543
100818684
116778806
10399825X
118980009
134405242
119060922
137582595
11748346X
116897899
125152248
134790693
116155361
12461261X
135567416
134405897
116806494
116922346
138941815
116962305
116803630
11870477X
1056140488
1031935606
11695776X
100863388
118519719
120734303
121426106
134592522
116322349
122414721
117759147
116425415
130248746
123054362
123214181
1074234936
118685899
131555391
116574933
129479616
117068098
116489227
118688634
104565549X
116329475
118680552
135744695
1036805824
133823407
1073445135
136547222
117731609
141628758
100121578
116471875
116256931
116253657
131575864
1036889661
118686763
116587113
116557435
11614968X
116379766
100695388
135990300
11658436X
12097570X
116222964
116584408
11911044X
116586346
118529714
131575872
118956531
123730872
116194472
132046601
116587008
142081701
130146870
1012295419
119264897
116436077
1043720979
116473843
142009563
11773313X
117288195
104063009
116332603
136093175
1043394079
1045710539
104235012
100017045
118584138
118628674
100497756
117512419
118534483
117315516
118558404
11716643X
100599672
101423004
119508036
136261760
117029408
120210347
116832223
119203588
118781421
11620057X
117027014
116346035
116107898
116314850
116995696
117277177
118639242
1017103852
1046289578
103805850
123431891
11703018X
116193220
119392976
143605550
104224401
116014768
11935263X
118620193
118727699
129143030
128079673
118849921
104311665
1025122534
11656377X
1050416007
118554727
1050991230
118590510
11864064X
121720721
118880497
1071239635
13447967X
117072931
12463561X
120296322
118841009
118590111
119320479
114307274X
135230632
117144177
119317133
1089844883
117039977
118979973
129273813
10413660X
118789791
118785990
118818686
117002178
104366508
1019108525
122044916
11873475X
137664737
116060514
11893094X
117170186
103983783
119368692
134475550
141420162
118805754
11703407X
116128143
118738623
142662747
1051781116
1073348474
131640127
135429714
100803997
116545941
117054844
118587404
119456613
119514737
123877628
120913534
132386917
130261564
104163062
11707988X
119525461
13988551X
11955111X
118739670
120059525
119035111
104206969
104156198
118732374
118921088
1076012329
132356716
132639092
1089512023
116975261
118574884
139363378
118579428
119259737
116891033
118578995
104140674
11941077X
123050898
124751946
101779202X
118910094
122834771
100807348
122872436
11933075X
11678167X
138344361
118586416
117332062
115872345
116688912
116730412
104177624
117148180
120220644
118729446
117218227
138609098
104304219
119174561
118729225
133663566
119131307
116730137
117300772
100820557
11878210X
119065290
104225297
14085584X
140852611
116727535
122144651
118731386
100159680
103922296
119396580
116715081
119446715
118939874
136690696
120004879
118529919
141423935
100173217
106470509X
11683420X
117595799
134566009
11883990X
118878247
131461869
118637479
117458201
104005432
117602647
116984511
1028080158
117441031
100848915
1125905379
103750495X
132104830
124998372
11877137X
135911788
117458600
1077217218
11863495X
118636596
118808494
108774740
117052248
116978759
100713629
143659332
116989599
131557262
10137979X
116225653
117080128
118860372
120811588
135436400
121540243
12430480X
132588196
1056007702
104379302X
120747316
124503888
123649234
117449989
1102176702
118772147
116988282
117441511
1042213054
1089812876
11863707X
141432683
117012599
130954357
1037500628
117347191
123426391
118636316
101374399
118731890
130469793
118808370
14225942X
100111718
118632906
11900688X
136923534
1013310136
13273298X
11867174X
11850178X
117481726
11672594X
11608118X
103881417
116042745
116081201
11617482X
116113669
116935227
116543450
118521101
135455502
116530758
132115115
118956124
11852240X
118720961
118525042
118581147
135735874
116609028
116696761
118522175
137764685
116689234
135728754
130079545
135021685
102484082
118679856
116111097
136429734
116088915
118676423
117529923
119298406
11627509X
1025717619
116057408
116605758
143377914
144047268
117132756
116143827
118530925
101071655
130189960
116145927
132175673
14379017X
116088583
1043825568
116080701
116085878
1036370518
119175606
118634224
11643290X
1069526282
118668188
118675648
113029241
103539040X
1026657830
1089753950
116481706
100833195
117335614
103769544
1047651068
104114436
117174521
116923091
1073671542
1069525642
116458593
119351080
118694146
118517821
135695538
118665618
11930094X
118666584
121244830
124647839
118665685
119337630
11907124X
118816098
118876759
118674714
132634732
119229102
128624280
1031195181
116448199
123716055
1123525714
121067939
1026309999
1055142363
132024519
128842563
1067102736
135145554
11371047X
129655910
1055140298
118675109
105514028X
117156302
1076183301
117067083
118518011
102559066
1049945522
189548401
116458704
119177323
1026274567
139775927
116820950
118518569
1033264679
104201088
118540084
137547943
115670475
1069399035
118696823
116088516
117251046
138334501
101138601
1013451864
116048638
132771632
142204412
119323915
118520490
1019730250
118784846
119209349
130019488
124621546
116819537
116616261
117243388
116222433
118518399
118540939
118733141
121346498
10046517X
11698595X
11851850X
118632477
117059560
130609846
118597523
118572121
119211505
121129462
118644386
134892496
118670689
115548807
1034210661
117027049
118689339
101226503X
118580949
11755524X
1035380668
1012268470
143058045
123511615
119150263
1047595222
11859964X
136139639
117588431
101533170X
119307421
116680520
1073934446
116286342
118599712
140103325
11875212X
117410497
112872344
116263989
116667702
1026115191
133662454
104323159
134615417
116738162
101054440
121588386
131831402
11867692X
117427659
118979582
118963813
117395919
116342439
1025278348
1032137622
118930583
11911643X
118553526
124869300
116636602
123079098
126029687
103988327
1069212245
117368857
132426455
100100236
121114155
128881534
124180027
134471253
117608092
116942088
1055182446
121390985
118737643
118584588
134803892
118771760
1072153424
118586688
116513772
119149397
130631523
119233665
172280788
1041637667
118735128
116879696
117596302
115433651
11873721X
120729180
103879129
1037498615
121826104
11867286X
1047330725
119265001
1054107572
118585045
118735144
1045264571
100234526
129261750
118678809
11691582X
127028137
117604739
137901038
117071099
119176653
118583700
122325176
118738550
117588288
119443880
1034434942
118586777
124033652
118737082
130167266
118735020
118974408
103980202
116936991
116942037
11906362X
1047331136
117208450
121674223
119368722
121245845
1041727135
109474678
117380334
118791036
116033282
131605186
124096824
130450731
120023482
119001314
116402091
134412222
118832433
11851251X
11117564X
117276642
116398787
136000703
103902147
1019750065
115814183
117027162
116257946
118509322
129587087
120971194
116760206
1026018137
131855174
112794300
122016416
136114776
131462636
116435992
104091509
100763871
100385702
1012175294
118597914
116291494
118929321
100317960
116576170
120138999
119344769
173890245
101453124
104318759
118931482
116336730
100540074
118599100
11627865X
118744453
131801066
100625320
116543205
103781315
13461660X
116291346
1014490359
105048553X
100322689
116374594
11860094X
116323639
115548149
128987308
13974939X
118601644
132535122
116544716
116551313
116419784
1037137981
123611873
116579927
116415878
116572698
116423218
118745301
116264721
116549165
118788183
119168596
116368403
118743627
119531224
116314915
115855130
117230294
118640208
138033021
118670387
141166096
132410184
133092798
142295140
122594746
119559994
1043477640
115468048
116924950
156428393
134344529
116385308
11861911X
121592294
118622994
101007183
116899239
102436843
130126446
159708257
104138378
101365489
11710745X
118641794
116254351
130812617
117635383
116216158
117101931
118650114
121534154
13625585X
129463531
1035161958
132438291
1046202111
118603256
1052567339
118678841
115594361
116207388
116582049
116088796
134728173
117384259
113667434
13644251X
117456233
118982044
117486078
117397571
118982052
14311607X
118689479
117089443
100149715
101482612
117429333
11741283X
130183652
118522590
139215484
143884905
100374794
120769158
119523884
131910329
134795121
116397594
140318224
11874383X
11643273X
118742973
1030295352
116289929
118598090
116431814
116322160
104038187
131552694
1032884347
119288567
118747975
115690387
119091852
121445534
13633430X
134848462
134720873
116305541
121607488
116857374
116620153
117326097
101581742
118749331
120849615
103283757
118598988
119059622
118550152
12998776X
142072443
118898191
129894311
131781162
116509422
11890874X
119414082
117526908
1034495682
124607950
135447445
118597671
116023236
1052447813
116391901
129485209
117147443
135318394
116319011
119388936
118749285
119131668
1019456337
123816793
116510072
10422617X
118596829
100069983
116364793
10286425X
116317396
132281511
118646192
118504177
118868306
128477091
11601198X
1052620140
101460996
11850505X
131686429
118917382
119372843
119560038
116312610
100289614
101845098X
117000671
116014180
136913490
118657585
124683029
119000121
131575910
141311649
118505505
117109525
124288197
100026826
119333449
120367246
116331674
117764310
1012367649
119286335
123411173
136803504
136910289
129459658
116036842
130068241
118650890
130068225
102835047
116050438
11606840X
104345519
118846922
135718805
116080272
116056363
100011152
116012048
104309040
122932420
100418449
130579777
116315865
116316829
118501704
116349891
116001062
122364821
118712926
1021135321
1067298835
136256481
134414543
124941788
118553909
139310851
132408465
12483843X
117029637
115676066
134161270
116994193
118708236
118707701
134410815
1037537815
132171104
135319609
130649325
118708570
100820042
134825225
128778458
121574296
11855588X
103927573
119716097
10043746X
119258021
119404257
11855476X
1043006362
132980525
119162229
117012017
131602055
11877624X
102104395
117045063
116878355
1070828688
117212822
1089815026
118708317
118775774
139478299
103905480
117077801
116881119
104301859X
117045675
118554840
101312628
10086645X
1043018352
1036757730
103978887
129975605
129024961
123393116
104300520X
135203023
118712357
136203884
119079445
116704233
118556312
102217955
11856448X
137375484
133885887
118595245
116596597
136266231
118798146
115344985
13361915X
116480262
118777831
100470637
118779524
129486523
176980792
120254476
117363367
116726466
119148668
12835240X
116864656
119123878
135904579
13335914X
124812058
139593810
118968696
1037031652
118634712
130254134
123931002
117227617
118740008
1017178410
116834633
1020723955
138368740
117039926
135278155
118543768
116797487
1019587172
116998237
117083682
100766927
118560093
127291148
1054441588
121062236
1071831186
122206975
103885498
11870950X
134400364
118076027
1099087848
118710648
1115263099
116549394
173218385
1056064056
123370019
10001349X
116538716
118800280
135678110
102576335
134220439
124230911
11650448X
119488140
103900187
120469170
116124547
118773682
116709642
118709291
116550171
116560096
134636686
116659572
116684283
107826953X
11655570X
115821872
118547216
135445515
131550969
116560681
100162371
11970207X
133711501
116539070
116489197
116192399
104327758
123196876
119706032
124661122
116700947
1137016175
117504289
11670974X
1037529227
1074419022
116746963
118580736
118703668
103787038
108359573
1055111794
121215059
135736420
13059055X
117406945
136154697
141273798
117041645
116636041
129476366
116752734
116996854
116452633
119133911
119000474
116245875
1036892174
129474274
100733417
116989815
11603680X
121059057
116611316
1055109382
129529834
118095390
131710699
129476382
118569600
104224002
11671980X
118621513
118573934
129477575
13248871X
116897031
141202092
116756918
117370274
101459734
131609149
117167886
136233600
132800772
130627011
118571842
130433896
117042749
118728733
116850434
127698000
136994490
116985828
118986740
116720697
116891025
118569317
118827065
129460265
100190014
104275618
116876328
118727834
116436085
117688126
143696513
104258810
118591177
118599976
1012267563
116428473
117233927
117169781
118594427
116504749
118597787
118744615
117742481
118600486
118809695
118926802
117267090
118750178
132289105
135153530
100802583
119369168
1017627711
118594893
123353602
118599224
11711684X
117257230
101365632
117294667
118748181
103088172
13980076X
119388472
1029930708
138413568
118755161
116003995
11880510X
118607960
116260564
11721888X
118608045
118593234
11874528X
1029933618
118911414
116414944
119233428
118603817
11861164X
117218154
128585293
11938776X
118761919
116922893
118646583
101382286
115598472
118754971
117282022
119056569
103134573
118612409
103946292
119368579
117167363
104122021
117321613
11684938X
133916812
124096816
135926750
11940818X
11681859X
100400159
118761889
131998358
117506575
116829397
137108567
117160245
117108189
1025533496
119059614
1013654129
139578161
118610961
117317799
12337166X
104245565
13816729X
1014242851
118610473
116799935
117140023
104321695
104325011
174032102
116799293
119244616
117184683
117410969
119503700
118762494
129094692
13818688X
118610031
116824948
137825951
1043054707
103118187
138179654
117246603
118610813
142617962
116631791
1012159396
1015661297
118626523
1031568433
104667982
122618246
136141293
121186512
118778994
17403654X
124876358
116284412
138483167
1074664167
118924133
101375611
101668066
134774639
12785553X
117502359
1071672665
118584375
1055187413
116599936
102285977
117281816
1073428931
122296885
118715518
123802938
123581346
118551256
1034852787
118609815
116970731
103343164
133672727
106830996
116443677
123256445
140648968
133967778
118570269
137633343
135165784
1012305996
116894644
118772597
12400489X
1038745918
117404470
100057306
119317826
103928898
11723155X
116858591
1078039402
136547893
116849959
103139544X
133384683
132390299
117167444
11690075X
116979704
118614339
133045382
110684311
130249424
133823253
118563076
118612271
133729702
118642545
117395412
1053300085
11890616X
130170100
121485838
104160071
1026820251
124411266
128732369
100422977
124411576
116510978
118508121
118653393
118786199
1143267052
1037573218
129077364
121599027
134321332
132249634
139771743
11865781X
13180426X
1032804394
116098570
124073921
135772559
103867848
174376987
1019623209
142073016
1140787489
103792198
1067078746
12457873X
101937120X
116081384
128911026
120327112
189409231
121254569
105514160X
122130405
117767611
119320207
12028572X
104364467
102118960X
119555042
1044116692
123526566
121611175
11930791X
117048836
118657852
1132720796
121027236
138176620
132392682
118674013
118594974
119404532
118584871
189560061
118012215
119255960
119435993
115824340
116984880
118563319
1064801056
118616617
118512749
117735345
117357065
11606496X
11864808X
116553456
118581007
116183489
118669346
118557211
100636438
139744355
119524759
11719929X
104189592
1025885678
116113995
116617209
119500264
116196556
123210178
117222534
119054825
119262878
121322408
118560999
116175591
133905810
11621046X
1014525810
124069134
133355292
118501860
116012218
124545424
1127070223
118925059
1073384160
1031232508
118562347
123094178
1048700488
118558390
1026798485
118951319
119544792
103994416
1125146516
118722239
116094486
118562185
118560115
116094443
134421477
129393436
118560107
1029895171
11614517X
124623778
103778802
122513975
116031522
123823420
139940618
118640003
118559575
134971175
118545124
118800639
13907158X
118721941
106265790X
116172169
117749540
116032529
11616056X
106368060
115431039
133929280
1053051905
116024232
130038598
14129860X
118593021
116650788
136429319
124179665
117481718
138230838
105357343X
1044301910
133463249
110562399
11739632X
104022094
119425378
100510671
117731323
117492175
118647652
116309105
1024672263
116824670
142314498
1033516244
118973614
131977318
1052510841
118890220
120884895
117746371
123207533
118766384
133113817
142314684
117165190
116028203
119448009
1050420543
102851379
135697840
143805517
1030594368
116498889
118792431
10496748X
11865103X
117165069
121365131
116471913
118617583
124815014
12108759X
117356999
137912560
116256982
130655732
129009652
118549006
120474239
119481464
136187250
116720530
1055699848
1034934422
116961082
10426831X
132174472
136187234
133853276
141038284
118667505
116525010
118667424
115711449
12985896X
1043828311
116554975
116395001
1037001184
118887254
116523972
118748866
104333073
117648213
13641012X
116828773
116436751
116271620
116476761
116251743
116504617
116237295
143060228
1013198468
116440171
118816578
132572699
1021269603
130113018
11854022X
116431415
120770008
115445382
118660276
119501201
118834800
12079389X
1012181154
116493364
142879142
107340773X
118520377
119360659
116747714
116776919
129462071
135719666
1037579046
118967681
129490687
117456926
116043660
141714549
116576677
142573264
137108591
116703962
133765466
135577829
116764570
116762012
135729572
139012222
133421023
119044706
1036793672
118883712
116619449
116572167
116539216
117267953
14248721X
115807462
118681508
115677178
135705150
118746359
118671855
101361769
134036247
11610032X
118680129
11938700X
116297506
13204479X
12982111X
135729904
12946435X
119368706
1021946206
118529226
13458645X
130150630
126125996
116222921
130136247
120538733
118526731
102419965
118688030
119659808
116174919
118527894
116159421
102463077
116239077
1041616031
141419571
129185434
141112654
117271454
116347015
115484167
121624404
118525697
1061163660
118680412
116178221
100462073
1046847368
118901753
119216132
1052852467
118678043
123906970
142342513
1077339321
120379074
118681524
118528688
116095628
117101680
127183396
130014737
137998899
112862883X
105514255X
11625257X
157503801
117385123
100465692
135008220
130609978
116290463
1027112218
11907396X
116282207
116605650
173888232
116498137
118848895
12162692X
1051615623
134656903
116503068
116911328
134778065
1014220548
134867300
1055140980
136154530
136804039
100158463
130605506
12105862X
118829130
116498129
116521015
104051221
116515015
138600236
11636906X
116061189
124206921
118917447
11896979X
123879205
134734815
1119808200
13439822X
17215054X
119309025
135388929
121266532
103970754
124269273
1141107082
1024924408
121249735
116387874
11854327X
117066052
140305491
101379773
132293412
130273449
1050904990
116511257
123505364
115549331
119138689
134635280
101363311
116490845
1041648960
12075116X
137780737
137592434
11703939X
11656959X
141739630
117350370
116276479
131994786
116566310
1045784591
141439394
11609401X
118852728
116070951
117360198
119020742
119059231
1015138306
129898112
116056908
118702955
118913840
118511343
11654127X
116614382
118530488
116395273
118520539
11639529X
116541350
117505900
119388057
118529390
117145173
139800786
11852786X
11651387X
116749253
10247575X
116055448
102199191
116749296
118520040
116056894
116850310
118523368
118810898
117768375
10223244X
1153565455
117749176
118664638
116584645
116217820
117742589
116182776
118532693
101057903
116103205
11907074X
116325925
119455668
118511645
118767089
118650130
118522213
11773618X
118535315
118507400
118565273
116097701
118841963
118504185
116815256
118618784
116112425
124378706
116881151
118587773
118588893
116066164
118553569
116074701
11857647X
118511084
118575449
117551406
118556657
118583107
11948756X
117575364
118562258
118561871
118565915
118776223
117081523
118704931
117145033
137569718
118551981
118550470
103922253
117602477
11701608X
116959827
117080330
118582607
11628904X
118571508
118580779
117001333
118715143
117296880
11855333X
116968427
116899344
118581309
118780026
137396791
118784714
117596981
1049475240
118737627
1019761113
116294094
118628232
118588079
118555553
117084387
124270859
116198796
117170399
143276786
118573527
116995351
101244371
117139947
118554700
119430606
1015906435
118533908
118535978
122203313
122954475
141946024
132486881
132176408
11853596X
118691805
118534955
135582229
118703102
118693441
116663197
119007592
128605049
121199398
118896229
138561850
119542269
116805153
1049537688
116787074
134376854
128957859
123545269
118687301
104115319
136023053
121900274
142157244
118505092
129464929
11891958X
116790113
11869250X
117267457
123647606
12935757X
124684580
118910671
128551801
119463288
102109117
130240613
1029383782
117737208
118703226
116601086
132337533
116560193
131942522
123841844
118535129
1033882399
11949924X
116797673
130622036
117513318
11674779X
118809962
112228859X
122328280
134110358
116796863
116327545
1073442535
1034924400
100232469
118590995
118535889
1036992039
103405063X
130253855
138717184
129464430
116272058
122170806
11629292X
104196238
123980976
116385839
117301817
122403800
11750727X
118682482
139403922
118988107
11900044X
11712110X
134758188
138050694
117022721
107711753
118769596
122440188
103946489
115872442
118586408
131427806
117316024
119440679
118519352
130626074
116544570
13065163X
116256974
140781595
115376054
116757825
118805878
11697673X
116231327
118571737
117265632
108355241
116471751
172314798
122801083
119000008
117462721
10031998X
117423459
118724169
131859358
11801448X
118646532
136548024
104045140
117217204
106587404
117128929
116070803
124431313
108162737
118724223
124381332
118796348
118581465
116083441
118628038
102459355X
116234776
107800179
124419798
132606100
110406060
116235594
142627909
111386322
12917498X
116867787
134645626
118931474
116718234
116791918
118646540
12946130X
1033529524
124332498
116118458
135744806
136006043
116993871
117462535
121259714
1017766991
119085003
11666245X
12946094X
139892974
118626175
1089330545
116579420
118749838
116545933
124277497
111863007
138334226
116534060
115373802
135294835
118600850
1135804745
134497945
116545526
116600098
124277837
100870228
118601148
1069655368
139660828
116637838
101788622
116608943
116625724
116730811
128507543
119431343
1019755229
1026951860
119147033
116543671
135895588
121041042
118745425
119300435
116545631
104251514
134590023
118600966
118749811
127323961
116570881
119127652
104318104
119365324
104722282
104241160
1089886098
133318052
121262847
116598263
122433998
124870619
133758087
115532269
133022935
118600877
138552975
116778725
117041556
116953829
117016284
13567896X
118581945
116936371
1052846653
116632968
137717709
100308104
117135968
139479139
117519510
12947861X
1038874440
1023725088
129478660
138387656
118838113
100552641
117008338
11858524X
117047155
118785028
1068784539
138328951
117089567
118785230
118782843
100706134
1098211324
133119858
1041960093
120299526
117016985
117030953
139208690
1057769894
117578290
116137169
11858331X
118584596
119175711
118738208
142417416
142302163
11931715X
11858622X
117573507
10392423X
118737775
117602418
1049294106
135155827
116898666
117043451
104264454
116174935
119011069
118587234
116540494
118656864
135924499
116863838
116316608
1125561335
1028377924
104254165
102375119
118749080
11874612X
116040505
118505521
13591647X
1073377296
117396664
142715794
1020853964
118864815
1059507544
119060590
132362473
117375802
118503952
100755984
118505548
11850553X
121675734
118851128
132205866
13192933X
103288312X
118651471
119096153
116136812
119241803
118660438
119326728
116578491
1030299234
104369496X
118973665
120236060
138972311
116295902
1078962189
116915889
132424983
136212050
116134380
104213949
116114797
136212506
102144264X
118515586
122569261
118852124
140082646
118656449
116214368
1042564892
117614823
136137628
116894105
131551779
138414335
116576103
102411034
11667878X
11654077X
104010622
130187135
118698508
123607922
115811974
118511270
135937809
132890380
116194898
116153881
116146826
118511394
1037511999
116164409
123261368
118509845
116181044
12034369X
174062958
122500075
129008559
113395299
116114525
116210206
116220864
135180007
116221097
118509810
119000725
171972821
11851198X
13647490X
124071201
104029935
124968546
138700699
1026357934
13176456X
116163585
122762223
139337121
116148268
1055196781
1089579349
116114657
1050418972
123376114
118662570
116654406
128826894
137428472
11851248X
134329465
116225807
12860090X
130103985
1066811490
116511001
128536780
1031984690
118660535
141123648
1089444710
137190417
133521508
101252099
103774807
102934673
1026266572
13050002X
120984172
117620645
138924341
11713399X
116699043
116524812
132387212
128758430
116450088
120555794
1025349504
14235645X
118536249
116871733
119285452
118689061
13477647X
1142011747
100483542
118005626
128578297
11900853X
137459556
118690655
118717146
134382153
118766325
1018486011
116494476
116422238
13438475X
11649591X
119167239
1034113550
116327642
118690965
1025719913
134770870
1025289595
128424540
118694375
124377599
124947239
104101024
12159176X
130658081
136029035
1055193782
118694405
120032589
102532907
1043633596
118538659
134379128
135341787
13645979X
1055978372
119164035
118689223
132181525
129038938
116565292
104088117
134742710
11659554X
100286208
1030190046
141359447
123257980
11851136X
137611536
137523785
122369718
129627216
13761456X
118694162
129478636
118864513
137858809
118589598
116885785
1027178944
103972390
100018343
115756183
134691903
118505084
118650386
104325453
118645447
118648748
133342956
108138054
132734982
1071907654
118504134
128964790
132299399
119612968
1055183213
118995022
11911139X
1065928688
109813855
100936881
118829173
1089808712
116212780
116315806
11850245X
116299053
1035791161
118505491
118638602
118648268
118501550
119193132
115400206
119512297
102509654
116295260
124943888
11864839X
10244921X
121418952
123996457
118965964
118501690
118647814
127072373
118648659
128348674
135754968
117764787
116315318
133333892
118501070
131595350
138689644
12929327X
1054450633
128866160
107253461
128686138
118644300
119211653
118577824
116801832
119064855
174071221
115377328
118575155
104303697
103975047
118575287
103796827
119043688
123800315
102374899
134456548
104726465X
1076412254
1038243858
118781871
124453430
118951122
135341213
135059402
116660929
116260386
118633465
118728830
116085053
118951114
133618862
116728698
116694475
116735309
128912766
134457277
131781421
116792841
12056789X
117227498
116023414
119417812
122815343
134452798
132579510
137353766
116687991
124623727
13444700X
119008068
131954628
137587325
1019609451
11917426X
134456270
128964774
129076481
117221406
1034942794
137780087
1085155641
116930535
116842989
11878143X
117313785
118578189
137936052
118560190
12973960X
133234266
118730215
1037566785
118543032
116792256
118540254
122145968
172118743
104067063
116861150
118695959
118542001
116909196
126352119
118970852
104073772
143493906
1014395771
11676211X
11854229X
118541552
123952964
118975773
119157977
104272724
118541013
135637538
116894660
118541692
116657863
118702688
119692597
116901128
13213750X
118718355
11681294X
1043864644
1139404709
1055556605
103987371
116649631
11861990X
134255348
122877292
11871788X
124947689
118541706
101016603
1042696756
135250390
103818103
118696734
189538422
118993887
128713488
116809205
118542141
1055541160
118542265
116893699
118698370
104059389
118717928
118718517
107406632
143601652
118542257
116252898
133823474
118511440
116237929
1060128608
1059889838
118515055
11851217X
115849238
121599566
133113833
118666312
100261779
102447578
118651110
118509675
116155515
116199679
118828932
116010231
101929812X
120820250
118518208
1022876902
11851167X
1032148837
11901680X
118507850
1068238321
10004106X
118517104
138669260
117265608
117312118
116485779
117409030
118904418
118624539
1037553608
117373435
124757898
120203359
130067229
11740442X
113717091
117691852
11731711X
117350176
117197459
11740697X
100802656
119214229
101105592
131973177
117313165
12989432X
135436583
136365833
117382574
117363391
117197343
117357030
131973053
11875808X
11945601X
117381705
117264776
117253006
129487457
131972979
1037136780
11731742X
119010003
118908618
117393312
118837877
138806136
11729392X
1042470030
117359211
117374660
120021285
117353280
137706359
123714222
11879941X
118681451
1046147994
13197629X
117417718
104044802
12947634X
135851556
123381843
103915877
1091218315
104268034
134706439
116910054
118865900
124263488
141505133
119301199
118572237
118935011
1128666189
118573381
123333687
134945239
118780220
116682418
10403128X
123098777
1034296698
1076135331
11741154X
122005961
124708692
118827472
130017493
1049712595
116563311
100610226
102411271
1034063480
1037496515
119160048
1089813155
103434868X
104086475
134442512
121387038
116851457
124032532
124505937
117003689
124437893
124790569
134698525
1052113826
104222867
103977937
117035769
116766301
101488769
104173416
136671586
118626167
122844653
118752715
119007576
139992189
118751875
120761866
11721616X
118917331
123624878
117495999
119369958
118798561
135083826
118823078
1027596509
122626370
117493155
129084964
1030251762
119020777
100975127
117509450
118751867
117484458
117240869
118616382
117493236
127944710
134625609
118534262
1057895741
126963665
1030018472
1114926000
123922887
121301435
1049228197
124600050
118752618
102450266X
1019704578
121120791
118500651
116979682
119840685
118618458
117456829
117245674
113262841
11722877X
11861598X
1012366537
118890883
104251727
117306010
117477958
135019648
129478873
1031444947
134691962
118619004
117477125
118753010
117261602
140976000
117206407
1041733658
117460184
101365470
117245666
1036424154
124398499
104033088
11609396X
116141395
120897334
1037360907
129655031
117721514
116584017
139193766
129478644
131482785
117245402
118779141
133610012
142917842
123035767
11645041X
134672275
1026349575
1032262583
11868468X
100232000
14012683X
118668153
104227737
117196061
119118602
135556546
118574469
116051760
116657979
100054315
119059800
118520814
122635388
1033469424
119309912
118531395
101012365
118549855
117188921
121463516
100308023
123993393
103108572
100848842
117044237
117096091
118556126
118640445
131605062
116036877
118615688
119052636
118622897
116879815
142807486
116720964
119057077
139011064
118933876
118690485
116847220
118700103
117399477
116658339
118626876
117452963
11653978X
118625063
118618156
118961446
116511850
135925118
118545825
117231657
118547445
11853811X
117429589
118903861
117369551
117311634
1055466002
118557769
119512726
118634771
117262463
116498498
116757086
117395684
118808346
117357103
122719158
118614576
118621874
11854490X
116511869
117286613
117346748
117416460
118697773
11703908X
118546600
117333905
115359885
117346373
116808446
118550292
117360503
117388483
116843217
117363855
117658316
11723589X
117257354
118594117
117247618
118548018
118540963
119351641
118773852
117471984
128739436
14353310X
116518103
116053585
134387376
1066597898
116343478
116552298
12459090X
117211516
116228660
118994425
104244739
117133817
100591604
121675076
1053410719
104305487
13785109X
121057534
123875978
117148970
113290063
116299290
116468157
135267099
102572607
138224102
120241307
101402775
121032094
104001666
1037975014
117467146
118593625
116171359
141708050
116943807
1055586911
1026772338
134862465
11910802X
1037941462
135554098
118828533
116591900
129535346
143288148
118587684
120932652
116498633
1058841084
117113239
116353333
122461622
116925310
1019763949