#FORMAT: BEACON
#VERSION: 0.1
#TARGET: http://beacon.findbuch.de/gnd-resolver/pw_dbi/{ID}
#TIMESTAMP: 2019-05-06T02:46:51Z
#CONTACT: Thomas Berger < ThB [at] Gymel [dot] Com >
#FEED: https://beacon.findbuch.de/downloads/patchwork/pw_dbi-gndbeacon.txt
#EXAMPLES: 11923212X
#MESSAGE: Dizionario Biografico degli Italiani
#NAME: Dizionario Biografico degli Italiani (partiell)
#UPDATE: infrequently
#PREFIX: http://d-nb.info/gnd/
#DESCRIPTION: Aus der Wikipedia extrahierte Links
#X-REVISION: 29152 [2019-05-05T17:24:34Z]
#X-EXTENT: 2423 unique identifiers of type SeeAlso::Identifier
100000541
100001912|2
100002994
100004512
100005772
100008143|2
100009867|2
100013376|2
100021980
100024483
100030343
100049052
100049974|2
100052517
100055095
10007037X
100076874
100079296
100082882
100083056|2
10008995X
100106757
100107613|2
100118720
100141781|2
10014263X|2
100199399
100199755|2
100209211
100213723
100254268
100257712
100287905
100350275|2
100374123
100415946
100419224
100421326|2
100422020
100423426
100433286
100471609
100524907
100528554
100534651
100540228
100541909
100637140
100733700
100761208
100788009
100818447
100836852
100861717
10093515X
100935540
100935702|2
100936032|3
100936040
100936237
100936288
100936296
100936709
100937047
100937373
100937608|3
100937616
100937624
100937632
100937667|2
100937675
100937918
100938205
100938213|2
100938310
100938493
100938671
100938760
100939112
10093921X
100939236|2
100939503
100939538
100939546
100939716
100940730
100941060
100941087
100941958
100942091
100942962
100944582
100945201
100945716
100946305
100946313|2
100947220
10094745X
100948138
100948154
100948375|2
100949576
100950094
100950108
100950132
100950159|2
100950167
100950221
10095023X|3
100951422
100951880
100951899
100951902
100952305
100952607
100953018
100954170
100954227
100954359
100954782
100955223|3
100956599|2
100957897
100958761
100958974
100962041|2
100963838
100964893
100965059|2
100965156
100967078
100968457
100977251
100981925
100984711|2
101071388
1011157233
1011418096
1011420074
1011423383
1011545845
1011573555
1011709457
1011720795
1011885565|2
1011949849
1011950391
101201389
1012120619
1012244539
1012307352
1012823113
1013095588
1013140605
1013146891
1013232917
1013264649
1013329228
1013364422|2
1013364872
1013392035
1013393198|3
1013413822
1013433920
1013435125
101364261
101374054
1013835719
1013861973
1013944771
1014041163
1014444721|2
1014565383
101516367X
101541244
1015763928
1015858961
1016522444
101668821
101669968
1016856415
1017102279
1017152497
1017178062
101740875
101749035X
1017962901
1017995370
1018031030|2
1018031995|2
1018033351
1018103929
1018364919
1018415580
101845098X|2
1018808701
1018828818
1018971416
1019155787
1019257237
1019726288
1019737999
1019745274
10198264X
1019855436
101997728|4
101997779
102014968X
1020293071
1020369884
1020725184
102076200
1020765798|2
1020796324|2
1020819995
102089802X
1021157783|2
1021206636
102128006
1021324892
1021672505
102203216X
1022153447
1022808656
102296367|2
1023007169
1023052776
1023060736
1023063891
1023183749
1023185016
1023186225|2
1023328569
1023332558|2
1023334461
1023365464
1023568357
1023577690
1023739402
102374392|2
10237497X
102377138
1023892162
1023893894
1023896109
1024101495
102411115
1024190951
102420300
102423865
10242425X
102428352
102432759
102435006
102437688
102458855
1024636291|2
1024721329
102472696
102482215X
102498091
102498482
102501653
10250377X
102512078
102517266
102517460
102517924
102519552
1025282469
102534373
102548781
102551081
102551731
1025841433
102591368X
102597073
102619239
1026226570
1026851467
1027111351
1027433227
1027608604
1028338430
102834695
10283637X|2
1029700869
1029974918|2
103081771
1031155074
103120793
1031298533
1031412603
10315860X
1032035374
1032577134
1032644249
1032871105
1033190802
1033388777
1033463450
1033681644
1033818003
1034060198
1034089617
1034113755|2
103417567
1034323342
1034406809
1034443968
1034649612
1034736310
1035397811
1035467798
1035654539|2
1035791161|2
1036225011
1036370518
1036371840
1036528057
1036942996
1037004566
1037230264
1037274148
1037557832|2
1037557840|2
103756779X
1037568850|2
103792198
103804242
103812180
103840265
103892354|2
103915559
103982329
10401993X
104067020
104073837
104106123
10410662X
104123397
1041280947
104128941
104132051
104141131
104144149
1041692242
104198273
10419894X
104201606
104207426|2
10420902X
104211466
10421242X
104212667
104212748
104213639
104213795
104222697
104228571
104237333
104240075|2
104272392
104315385
104327782
104328681
104334029
104335920
104343222
104349336
10435089X
1043694935
1044951788
1045189243
104574526
1046210009
1046441485
1046657615
1047455005
1047573873
1047777304
1047809508
1048166309|2
1048233375|2
1048735052
1049558588
1049917057|3
1049919815
105040274X
1050469488
1051427878
1051903165
1051987091
1051993024
1052173810
1052302912
1052497292
1052503756
1052516750
1052596371
1052654231
105284488X
1052888291
1054430845
1054728224
1055090533
1055117016
1055147136
1055148183
1055186670
1055192123
1055198792
1055201521
1055215158
1055220380
1055226397
1055236503
1055236775
1055263632
1055265074
1055266690
1055287280|2
1055295542
1055297111
1055382097
1055395970
1055417613
1055486240
105551712X
1055535691|2
1055556133
1056052155
1056102020
105704385
1057887099
1058039741
105820923X
1058696157
1059411865|2
1059555506
1059829851
1060790033
106115890X
1061393534
1063179467|2
1063319501
106479176X
1065396546|2
1065614497
1065685661
1065698224
106677934
1066812136
1067270752
1068032189
1068190051
1068322799
1068661720
1069361437
107091696X
1071544640
1071588400
107222612X
1072300826
1073559769
1074215478
1074420802
1074543513
1075515718
1075781612
1077379935
1078856168
1079606718
1079997326
1080535632
108197468
1084804107
108910989X
1089112866
108911351X
1089124678
1089253001
1089274971
1089326351
1089471858
108949663X
108960064X
108962347X|2
1089690460
1089789815
1089825293
1089825986
1089920016
109022527X
1097780279
1098211189
1099919339
1102899305
1103143050
1104177986
1111043582
1112574557
111407991X
1114309478
1115483854
111554667
112102940X
1121707580
1122142803
1123245959
1124612793
1129127028
1131363213
1131663799
1136310703
113679302X
1136872965
1136926658|2
1137168307
1143552598
1150811609
115361871|2
115400397
115453830
115457658
115458166
1154606430
11549510X
115495622|2
115501479
115527036
115532307
115539522
115602194
115620958
115630791
115791469
1159310807
116003332
116003340
116003863|2
116005262
116015985
116016671|2
116021039
116021543
116021659
116021926
116029889
116032022
116052546
116064293
116064420
116066261
116075341
116077778
116077883
116078634
116081716
116097701
116123230
116128771
116137657
116149647
116149663|2
116161256
116179015
116182415
116186194
116216468
116237317
116237570
116257725
11626604X
116267119
116271884
116275235|2
116297034
116297107
116301988
116309792
116310472
116316225
116341203
116353813
116371315
116389117
116390352
11640065X
116407689
116410620|2
116412917
116413816
116436956
116439475
116447389
116448040|2
116448342
116448415
116452498
116464526
116470372
116470550
116471425
116472189|2
116472391
116472766
116477318
116478055
116478209
116479620
116480750
116480777
116481080
116504536
116504846
116505052
1165066297|2
116517115
116517131
116517417
116522143
116523972
116532041
116532823
116542659
11656444X
116604042
116615451
116621133
116621656
116634669
116636602
116639679
116646268
116656018
116660821
116685433
116713313
11672076X
116725745|2
11672594X
116725982
116726024
116727241
116731869
116749342
116756187
116760567
116762055
116772204
116772522
116775513
116775793|2
116817461
116827882
116829990
116835818
116836121
11687189X
116871997
116882565
116883723
116886749
116901403
116920505
11692425X
116941022
116993413
117011290
117031518
117036064
117038946
117064661
1171352034|2
1171438583
117147427|2
11718912X
117191612|2
117211184
117217174
117225967
117245453
117498300
117505536
117518387
11751862X|2
117518956
117520055
117530247
117534609
117540749
117541222
117541230|2
117541249
117543659
117543748
117550256
117567485
117574392
117582395
117584363
117584711
117586153
117587508
117589284
117589756
117590282
117590444
117617296
117618756
117621498
117638056
11763834X
117649899
117650897
117656429|2
117659673
117663077
117666203
117666947
117669555
11767530X
117678694
117678767
11768435X
117688185
117688797
117688886
117692190
117698725
117700045
11770007X
11770024X
117703613
117746835
117746886
117756822
117760889
117761273
117762474
117763624
117768103
118039180
1180677307
118089641
118500376
118500805
118501836
118501844|2
118502441
118503073
118503243
118503804
11850889X
11850987X
118510606|2
11851217X
118513028
118513257
118513745
118513753
118516086
118516108
118516132
118516221
118518348
118518429
118518542|2
118519018
118519514
118519573|2
118519778|2
118519956
118520644
118521292
118521365
118521624
118521977
118522728
118522779
118523708
118524577|2
118526693
118527711
118531891
118532677
118534483
118535293
118535765
118537229|2
118537865
118538594
118539086
118539108
118539426
118539477
118541854|3
118541862
118541870|2
118541889
118541897|2
118543091
118543512
118544365
118555642
118555650
118555669|2
11855591X
118556401
118557564
118557882
118557904|2
118563106
118563114
118564994
118565222|3
118569112|2
118572326
118574418
11857471X|2
118574825|2
118575171|3
118575775|2
118576933
118577018|2
118577387|3
118577409|2
118577417
118577654
118578170
118578286
118578618
118578715
118582941
118584219
118585967|2
118588044
118588052
118591177
118591894
118591908
118592068
118592289|2
118593315
118594737
118594745
118594753
118595512|2
118597787
118602985
118626647
118632957|2
118637657
118637819|2
11863822X
118638254
118638319
118638394|2
118638521
118638610|2
118638653|2
118638688|2
118638777
118639021
118639072
118639188|2
118640100|3
118640194|2
118640313
118640429
118640437
118640569
118641484
118641522
118643169
118643681
118644300
118644432|2
118644599
118644807|2
118644815
118644904
118644947
118645021|2
118645374
118645897
118645927
118646079
118646281
118647113
118647911
118647954|2
118647989|2
11864808X
118648098
118648306
118648799
118649027|2
118649353
118651242
11865330X
118653393
118653539
118655183|3
118655191
118655426|2
118655434
118655442
118656589
118656678
118657100
118657119|2
118657461
11865750X|2
118658093
118658115
118658778
118658786
118658867|2
118659170|2
118659359
118659448
118659774|2
118661302
118661450
118661469|2
118661477|3
118661590
118661809
118662074
118662554
118665049
118666622
118666789
118666843
118667505
11866753X
118667645
118668021
118668137
118668277
118668366|2
118668404
118668463
118668536
118668544
118668714
118668854
118669753|3
118669788
118669818
118669834|2
118675354|2
118675400
118676717
118676997
11867790X|2
118679066|2
118679368|2
118679384
118683411
118683845|3
118684094
118684116
118684450|2
118686089
118686151
118686208|2
11868700X|2
118687182
118688383
118689118
118689258
118689487
118689614
118689657
118689746
118689878|2
11869247X|2
11869507X|2
118695142
118697102
118697382|2
118697390
118697404|3
118698761
11869877X|2
118702262
118702270
118702394
11871077X
118710788|2
11871256X|2
118712578
118714910|2
118716069|2
118716077
118716123
118716204
11871676X
118716808
118716832
118716840
118716999
118717227|3
118717243
118717251
118717499
118717529
11871760X
11871810X
118718428
118718533
118718673
118718681
11871869X
118719211
118723510
118725777|2
11872620X
118727494
11872763X
118728075
118728539
118728970
118729063|2
118729071
118730630|2
118730819|2
118730975
118731076
118731386
118731394
118731726
118731815
118731912
118732463
118732498
118732501
118734903
11873685X
118736876
11873699X|2
118739530
118740474
118740490
118740504
118741292
118742418
118742744
118742752|2
118745220
118751336
118761145
118763350
118768220|2
11876831X
118775693
118777335
118779516|2
118779877|2
118779966
118780123
118780220
118780360
118780379
118780417|2
118780433
118780492
118781197|2
118781367
118781391
118781847
118781936
118782215
118782339
118782363|2
118782428|2
118782533
118783327
118783769
118783831
118783947
118784641
118784668
11878496X
118785893
11878627X|2
118786709
118787233
11878935X
118789791
118789805
118789821
118789899
118792334
118792415
118792423
11879325X
118794752
118794973
118796410
118796623
118797859
118799770
118799916
118804073
118805460
118805479|3
118805487|4
118807382
118808761
118810987
118812343
118816942
118819712|2
11882421X
118824325
11882497X|2
118828274
118828622
118828630
118829513
118830112
118833324
118834363|2
118834487
118834592
118834673
118834819
118834886
11883519X
118835556|3
118839489
118839926
118840312
118842749
118844520
118845918
118845934
11884623X
118846566
118846922
118847570
118847694
11884816X|2
118848828
118849565
118850571
118851594
118852124
118852361
118852787
118853597
118854100
118855263
118855638
118855840
118857126
118859269|2
118859404
118859676
118859927
118860305
118862359
118864874
118869205
118869299|3
118869868
118870661
11887067X|2
118871056
118871692|2
118872508
118875388
118877496
118877844
118880195|2
118881779
118882503
118884506
118884840
118885715
118885804
118886207|2
118887254
118888544
118890026
118890743
118891952
118893734
118896229
118897667|2
118898027
118898205
118898434
118898825|2
118899007
118899341
11889952X
118899600
118899732
118901338|2
118901753|2
118902970
118908766
118909754
118911090
118913174
11891345X|2
118915967
118916238
118916343
118917978
11891801X
118918834|2
118918842|2
118921789
118922726
118925059
118925113
118926284
118929100
118930192|2
118930737
118935550
118935607
118935666
118936794
118937669
118937790
118938118
118939416
118940147|2
118945629
118950533
118950541
118951203|2
118954067|2
118954334
118954377
11895489X
118955314|2
118955527
118958682|2
118960350
118960636
118962337
118965956|2
118968580
118968963
118970976
118971123
118976281|2
118976435
118976931
118977326
118977334
118977547
118982680
118982699
118988328
118989138
118989863
118993240
118994727
11899526X
118996193
11899879X|2
118998838
119000725
119001446|2
119002523
119004208
119004607
119004941
119006472
119007894
119008041|2
119008319
11901176X|2
119011778
119013622
119014386|2
119014599
119016079
119022524
119025353
119026724
119028514
119032414
119036363
119038072
119039842
119040425
11904059X
119043238
119043564
119044080
119046377
119046776
119049066
119049945
119050188
119051796
119054647|2
119055678
119056453
119059843
119061104
119061511|4
119061961|2
119062380
119062518
119062526
119063018
119063093
119064189
119064979
119065037
119065800|2
119066076
119066777
119069946
119070758
11907107X
119073382
119073587
119076578
119077000
11907897X
11907950X|2
119079763
119080362|3
119080478
119082918
119083442
119083450
119085917
119086395
11908676X
119089726
119089777
119092212
119092344
119093081
119097028
119098555
119098857
119102056
119105179
119106833|3
119113856
119113872
119116480
119117851|2
119119064
119120658|2
119123126
119125552
119128292
119129256
119130025|3
119132591|2
119133164
119133660|4
119136503
119138883|2
119139162
119139170
119141469|2
119146371|2
119147262
119147378|3
119149281
119149370
119149389|2
119150069
11915143X
119158299|3
119159783
119161915
119162091
11916339X
119163586
119164248|2
11916437X|2
119166798
11916681X
119167476
119167603
119171295
119172003
119172275
119172798
119174979|2
119177013
119177307
119177471
11917894X
119180588
119182998
119185245
11918530X
119185326
119186268
119189690
119190133
119190230
119190559
11919404X
119195003
119195313
119195828
119196255|2
119198193
119198525
119198657
119199157
119199742
119201518
11920245X
119205114
119208180
119212064
119212293|2
119217597
11921914X
11922030X
119220806
119223414
119224267
119227096|2
119228106|2
119228521
119229269
119230895|2
119231492
119232111
11923579X
119237512
119238675
119240351
119241129
119241234|2
119241846
119242133
119244942
119248506
119249154
119249316|2
119252457
119253933|2
119254603
11925476X
119254948
119255960
119256622
119256908
119258056
119259710
119262290
119264919
119264951
119269953
119270412
119281155
119281937
119282100
119284006
119291177|2
119291592
11929169X
119291967
119292823
119293366
119293412
119294214
119295369
119296543
11929737X
119303744
11930466X|2
119305356
119310066
119310082
119316196
119321637
11932170X
119324512
119325438
119327937
119328887
119328984
119331373
119332558
119333090
11933318X|2
11933352X
119336324
119340674|2
119344483
119345382
119352966
119355647
119356260
11935649X
119357151
119358751
119364565
119367092
119372843
119372983
119373009
119374161
119374307
119374862
119380161
119381842
119383314|2
119383454
119384264
119385368
119385384
119385481
119386445|2
119387425
11938762X
119388219
119388359
119388391
119389134
119389320
119389401|2
119389630
119390043
119390051
119390973
119391856|2
119392526
119396645
119399660
119404893
119408007
119408422
119409216
119409542|2
119411202
119411563
119414651|2
119416786
119421410
119421488|3
119422271
119424452
119425602
119426846
119427060|2
119429411|3
11943007X
119430800
119432242|2
119441845
119443880
119446448
119446499
119447312
119447754|2
119448238|2
119450909
119454270
119454866
119455404|3
119455463
11946666X
119468646
119470047
119470055
119470764
11947087X
119470918
119474565
119480972
119481715
119487616
11948823X
119488469
119490153
119498294
119500396
119500639
11950247X
119503662
119503816
119504707
119505703
119508125
11951107X
119511266
119511274
119511622
119511630
119514567|2
119517906
119517957
119519089
119520303
119523957
119526077|3
119526441
119528096
11952872X
119533219
119533391
119533561
119533634
119533677
11953469X
119535165
119536331
119540452
119542315
119542420
119545292
119546035|2
119546612
119547228
119553635
119554267
119554275
119556731|2
119556839
119559854
119608553
119609657
119637057|2
119673940
11968568X|2
119694484
120006340
120011271
12003302X
120091127
120091283
120117495|2
120120593
120123428
120158531
120168081
120175118
120186497
120193205
120193795
120201887
120206676
120214474
120217562
120230666
120235978
120254662
120258412
120278316
12031942X|2
120319578|2
120403188
120414147
120456052
120494930
120558580
12056470X
120570823
120581035
120584581
120585650
12065959X
120660563
12066304X
120666189
120669382
120686341
120702940
12071874X
120752840
120819368
120820242
120820285
120820323
120865319
12086844X
120896990
120917696
120935902
120972522
120984814
120984881
120995506
121001156
121014711
121018180
12102587X
121040852
121041131
121041530
121075184
121077276
121090760
121091651
121095576|2
121098915
121122875
121124762
121125270|2
121125785
121159795
121177734|2
121250830
121260631
121298108
121303071
121305511
121324028|2
121328023
121348970
121349446|2
121367037
121375471
121377369
121379760
121384519
121396495
121409171
121420930|2
121426343
121448703
121448800
121449491
121460460
121473880
121486818
121546322
121585603
121651932
12166032X
121675076
121675580|2
121675599
121702197
121742814
121750035
121753220
12175846X
121767787
121788326
121807363
121823946|2
121843688
121900274
121906914|3
121940950
121949087
12195546X
121960773
12198365X
12199547X
122010914|2
122030915
122062868
122075390
122088409
122099648
122156706
12216878X
122191129
12222518X
122229894
122230132
122234456
12223927X|2
122246705
122250214
122262662
122272145
122274539
122277147
122303660
122312902
122334213
122340566
122343204
122360389
122363078
122377680
122386655
122399684
122428609
122440676
122451759
12245670X
122469453|2
12247189X
122485955
122494849
122503341
122504992|2
122518667
122531329|2
122545575
12256863X
122635361
122640519
122656199
122659937|2
122665104|2
122666526|2
122727754
122734912|2
122739531
122758811|2
122776356
122779606
122779983
122802381
12280239X
122806417
122817052
12281875X
122823117
122826450
122832264|2
12283349X
122840100
122864980
122884272
122918320
122935543
122939131
122970470
122983874
123030137
123045177
123057531
123063795
123066271
123073707
12307908X
123097843
123100798
123153387
123159253|2
123162750
123165687
123220610
123222133
123227658
123230179
123243920
123251249
123259908
123312663
123315611
123330688
123353483|2
123370418
123372178|2
123425077
123439566
123440025
123441153
123450934
123454832
123455111
123455235
12346496X
123468981
123479274
123481708|2
123489113
123494591
123535646
123556341
123556783|2
123557097
123566037
123575257
123588855
123590531
123591694
12360060X
123610273
123631270
123633958
123646413
123667666
123721644
123748054
123750296
123757703|2
123791081
123804566
123808103
123839289|2
123851513
123881439|2
123924855
123971659
123983517
123987040
123996627
123998204|2
124000452
124006140
124029779
124057438
124071473
124074987|3
124111653
12411718X
124117732
124134246
124140432
124144047
124163319|2
124165079|2
124191029
124194516
124196853
124198449
12422217X
124231330
124246141
124254756|2
124268420
124270441
124298001
124298826
124321542
124330037
124331165
124336086
124336582
124339069
124341314
124380751
124388140
124394302
12440216X
124405584
12442869X
12443195X
124469108
124488862
124498698
124502938|2
124504280|2
12452821X
124541100
124541801
124544452
124557449
12456674X
124570143
124576621
124585183
124636853|2
124668364
124669298
124683207
124714943|2
124726747
124727166
124731007
12476763X
124788971
12479873X
124825621
124832903
124835031
124839452
124843778|2
124894348
124915248
124939988
124986625|2
125006926
126412871|2
126443688
126791899
127741224
127878831
128380209
128382643
128387009
128426489
12844097X
128445831
128472545
128478330
128479132
128488247
128490012
128495073
128541032
128545720
12855908X
128559837
128571128
128628901
128630434
128631597
128690259
128698144|2
12872059X
128766026
128767685
128807830
128812834|2
128857269
128869062
128907053
128910615
128927666
128927747
128931000
128933313
128943467
128957123
128974990
128987944
128993456
128995599
129005819
129006661
129016144
12901656X|2
129016764
129019941|2
129020869
129022403
129028762
129033308
129036293
129044881|2
129048011
129048674
129049859
129060348
129069930|3
129072877
129085065
129091820
12916352X
129198846
129236713
129291897|2
129338842
129344834
129348368
129354732
129381624
129401307
12945236X
129462969
129463450
129473286
129482889
129588717
12959203X
129593370
129603821
129605565
129623776
129650994
129653187
129656003
129657379
129703141
129725102
129735183
12973568X
129743844
129768294
129809500
129809942
12981640X
129839310|3
129860328
129867144
129884820|2
129892432
129911739
129923109
129928860
129942235|2
129944475
13000345X
13003858X
13004914X
130094447
130152072
130163295
130206164|2
130241075
130276316
130339083
130366072
130374202
130405337
130419133
130496340
130517739
130551600
130558311
130591211
130617407|2
130641057
130673129
130825557
130832332
130864692
130885592
130914878
131115693
131365096
131410164
131424998
131425420
13146471X
131494201
13149970X
131507761
131523627
131528610
13153081X
131559893
131596020
131602721
131657577
131667157
131749056
131756567
131756966
131771841
13183424X
13186078X
131860879
131865846
131867814
131888161
131967983
132007711
132016206
13204871X
132092301
132094975
13211206X
132140152
13214882X
132241579
132258129
132287145
132310163
132311364
132322676
13232539X
132326795
132392984
132409496
132417960
132476088
132499630
132541238
132570653
132594315
132690616
132691302|2
132715414
132769832
132775719
132778890
132831643
132846632
132847817
132883880
132924110|2
132959445
133002756|2
133029794
133033783
133059588|2
133141810
13323942X
133307042|2
133346757
133349284
133349438
133374076
133378101
133500004
133502597
133562700
133601226
13366578X
133713725
133902617
133913880
133914550
133946207
133992268
134000358|2
134250435
134296869
134322525
13432546X
134370821
134370929
134380916
134479599|2
13462503X
134636716|2
134654072
134756908
13475994X
134814584
134841298
134842359
134968328
135224462
135243017
135254671
135280281
135359198
135419875
135517907
135569621
135597226
135601916
135614279
13562519X
135646197
135647452
135648211|3
135657083
135671159
135683165
135785499
135872553
135877636
135878624
136048307
136160115
136166628|2
136183425
136192645
136199089|2
136221785
136307353
13633508X
136370292
136421490|2
136449999
136470467
136485375
136637140
136734057
136800424|3
136800548
136803490|2
136813615
136818099
136828469
136845274
136919596
136923283
136924794
136934714
136945228
136946712
13696575X
13697984X
137011059|2
13707817X|2
137215649
13725136X
13734077X|2
137353766|3
137355947
137419457
137452497
137475985
137496443
137554788
137807252
137820682|2
137848129
137896743
13796465X
138049645
138093555
138157510
138326401|2
138381062
13842439X
138426619
138458790
138477485
138490732
13854168X
138720851
138743576
138833923|2
138856664
138973970
139028951
139042334
139151893|2
13917589X
13929029X
139432973
139603298
139603425
139666931
139757228
139786120
139822194
139904328
139992359
139999361
140025790
140037179
140050205|2
140126716
140306129|2
140397477
14045084X
140594981|2
140691677
140791639
140874208
14089375X|2
140950044
141054573
141172002
141206330
141233648
141311649
141370130
141470895
141517409
141576014
141845864|2
141916893
141940018
142187356
142339474|2
142370614
142537632
142693650
142776513|2
142903264
142968048
142968609
142979619
143046381|2
14306567X
143101080
143230158
143344498
143431412|2
143434217
14348916X
143519816
143537776
143597671
143671154
143718118
143719963
143726625
143834967
143873539
143945920
143976583|2
144034093|2
144038315|2
144055465|2
151212406
151622159
151960070
153171200
155896148
156352451
15697214X
156978520
157054098
157306038
159894409
170311341
171948173
172015502|2
172317339
172493196
172509211
17255800X
173044700
173127916
173161324
173228305
173475698
173694802
174159943
174196415
178231223
180622919
182882764
18309476X
188283137
188464824
18847031X
189233923
4181615-8
4200222-9|3
4207943-3
4431211-8
