#FORMAT: BEACON
#PREFIX: http://d-nb.info/gnd/
#TARGET: http://frankfurter-personenlexikon.de/beacon/beacon.php?{ID}
#FEED: http://frankfurter-personenlexikon.de/beacon_fpl.txt
#CONTACT: info@frankfurter-personenlexikon.de
#MESSAGE: Biographien im Frankfurter Personenlexikon
#INSTITUTION: Frankfurter Buergerstiftung im Holzhausenschloesschen
#DESCRIPTION: Frankfurter Personenlexikon - Die Frankfurter Biographie laesst die handelnden Personen als bewegende Kraefte der Frankfurter Geschichte lebendig werden
#DATE: 2019-07-11
#REVISIT: 2019-8-11
1138887048
118575503
117323535
117322997
118575449
102902542
116001496
118560034
102633126
1104725479
119131110
11600245X
118500260
172765056
118646729
118500414
118646761
116006102
1112275398
118647008
1064856276
11646853X
1023688638
116008490
118500775
118501402
138677298
116308990
1111666091
116309210
103226537X
116309318
135718341
137537875
100758541
1036676501
124496806
138614172
116645555
118951009
116654449
11857602X
128448164
118576186
1026239974
118873857
1112089454
1031230254
1016798547
119098911
116715847
116724919
116729090
1102154911
12891596X
118577166
116733969
118577190
141829648
116735309
118781634
116738243
118577484
104342358
116760206
116760230
172916003
118577638
118577646
1128742500
1126274046
116814411
116837705
116841338
116841818
131353616
118579371
11857938X
118732218
136684297
116859105
129155993
128604832
118575694
116988401
116988738
1026344859
117003484
117560138
117003492
101383460
116863544
116870354
143062476
142628336
116871172
118580485
124598765
11687256X
11878305X
136995659
136995675
136995705
118580779
119338920
118783262
116885904
102649513X
118581074
137093799
118581082
118581090
119363577
137341121
115632603
119228378
119228386
128683880
138327467
116914076
118733176
118801058
131447823
11695793X
140114912
138328951
11695809X
118733222
1141945940
117555835
118733362
118801066
117555983
118874470
1103592548
131622692
118733699
117018953
11887361X
100310281
118582267
1026655528
118582542
117047759
118582801
1061564487
104274654
109579759X
118583174
129024309
119121905
117120367
117125458
117135364
118584057
117601624
116916249
119511185
124530516
118737074
137613008
137613040
137998805
137613202
137613156
118584596
142234338
117575178
13353622X
11758830X
132854430
117609145
117608408 
117611379
118585231
1119620848
117171697
126751404
117174025
121948234
1076045359
137900732
119083175
119049309
117181307
117187429
117189413
118735403
118585991
174250452
11762473X
116880481
1011691027
11688326X
118738011
142334863
140133410
1042951454
118738178
119108291
118586742
119117991
103077758
118738356
137998333
117576069
1033515523
118586920
11977268X
119138913
117010332
118738577
132764660
126616019
1098193520
138157286
116954442
138222649
1124713808
132966980
117000094
118587900
118588095
117021849
119348098
117040509
118588575
11705626X
1026518970
118588761
117060429
140534393
118589504
118504185
111936874X
118816292
122720210
116123060
118815598
116140844
116442409
118597981
142234354
118744135
116436905
118818066
117532711
118601008
1026998697
139255206
117534250
118745808
116595663
116641789
11669811X
11670649X
117599026
123493188
135928346
116713585
1032341823
118604627
116743581
118605909
116159960
119394286
117224367
1097300811
1188729616
118607626
118852116
139273743
133080595
117326852
124434754
119233460
1189341883
119018268
116818859
116818964
118609831
10657597X
12229386X
118610465
115516468
122430239
143161482
11716982X
117256870
118999729
118117548
117472352
118764519
117470120
117373265
118614711
118616099
1125973900
1019760362
121773124
1128078511
1033302449
11861861X
118618628
117456829
118619977
117373699
118652168
11862119X
1046093622
129809802
116104511
10063480X
118757288
102418500
117267066
118803107
128351314
142370614
1143986024
118625527
118508210
118655035
116114797
116120894
117340006
117442445
118803735
117350419
117350532
117350591
117350613
123633524
117488739
11851136X
1050529162
118765809
120399717
117251062
117343633
123623421
118632248
142843903
119194457
136295452
117429708
117432296
118512471
118660748
118512749
116226390
119255111
1103140167
116751576
11900299X
1026029511
1173662332
118664735
118667335
116073489
116110988
118671901
118528610
122968468
118529358
11894195X
119518279
132569868
116460342
118532685
118532766
118683527
130237892
116049847
1011505363
116155515
116155582
11869376X
137563094
116478640
118690507
118695940
118540238
118696130
116809582
1017178410
116937742
118701150
105776122
137126530
1019100176
135677645
116540133
118709356
1051302897
116701293
123936993
118927523
1188568264
121022862
116489286
1174021292
117402299X
116784733
13765538X
116507160
136149073
1175581976
1187863289
10251643X
119291029
11855249X
118553615
1189246430
100294871
117077879
118561243
118561383
120912767
116187840
124789056
1189599082
116227370
118563319
118930583
118563513
116263741
116271000
12937749X
105642789
122051076
116640243
1012282236
118778463
11664723X
104176997
118726153
116677619
11668402X
124728022
100300359
138883688
118726633
118569910
116862793
1034229125
127477969
118570129
10629105X
119054043
122588495
116769203
118888072
118747215
136560717
1026032911
118919717
140838945
122050746
136601901
1052872808
119144204
124729053
124729037
116884908
1109362153
1098172736
118571508
131781707
10314384X
141710292
117668265
118857452
118893351
136659276
116948019
118640496
122113357
118572318
1121075886
116980362
119002043
129107336
102257906
118728202
136709354
117000035
1110042256
121741737
1096255359
118780026
117036080
130317179
136726046
117026050
117695971
117029408
140398171
140398317
118728431
117034835
118972944
11703567X
17341902X
118573381
123325633
117059463
118573462
117060534
118573489
117063215
118573527
105358487
1072471760
117154202
11718960X
122824350
118574019
118728881
118574167
119003333
1026240484
119497662
117259292
119255324
11725942X
117259446
137083955
1118877683
118817167
118863746
118574957
117289868
1078958386
118747398
1055386386
1024951758
126169810
106437569
1046617451
11857518X
1026276519
104282207
10408958X
11857535X
118164147
1125026456
116377313
118654284
118509039
118656155
132528525
118516221
118516906
129612405
118521462
116370882
118532669
130202495
118935208
1175580694
1130814645
118542257
118542265
118699512
118543938
117010014
130185140
119119331
117713252
106878315X
13841467X
118594702
118741640
1016959648
118603140
116641843
1088321232
117021512
105938416
118563823
118570080
119095645
118617370
1189710730
1189183633
136168752
136168744
116972408
124096689
1189185334
104336862
1156575974
116972386
118628828
117239798
117009997
117251135
118774514
128739762
117299707
117451452
117637122
118733117
137613091
118608681
118612018
119320665
119241196
118763784
118611232
117816716X
118769014
118770551
121948722
118629913
104583835
118634747
117429287
1031161996
1173664335
17429543X
117232672X
117307572
154767433
188390820
116997079
116018852
117138495
118614584
118582321
118803360
118762141
117044903
119039885
118599194
1028229496
117036005
127852123
118620959
118610740
118538713
118719033
119096609
122302877
105801046
1067455043
119123886
118663283
127770089
107653338
1082442615
116221461
11912193X
116681357
118528068
118530836
1188731505
1169092187
1025407687
118917447
118548867
116736321
130490946
1186077700
118724657
189548169
118597418
118585886
139176152
1117576922
118607480
118610074
118924814X
118822500
117677515
1081043296
1114760218
129037702
120141957
129893935
1173664432
137580525
121422607
107833658X
11737380X
1147162042
125555288
116954299
117589373
1019440813
14198385X
120816725
117210242
118608290
11861097X
11873413X
116172169
123682258
118531190
1189861860
1189247135
1103142011
1172446288
1034411217
1172395403
118504177
119199408
143192310
10897135X
1179255135
116972289
137142277
118724975
1067689605
127865950
1182576613
118610945
119262347
1172447772
110290239X
120865734
1146077424
118710214
1127556819
121834751
1066250553
119475936
125680775
1012835138
125956207
1175579823
116721723
1025958438
126840822
136851398
118976788
1174026251
1051017300
116895098
1176688472
1173178031
122230426
11897128X
119328267
129713554
118660047
117317687X
128606460
174039387
107537907
117749346
1120420466
1027553745
118640658
