#FORMAT: BEACON
#VERSION: 0.1
#TARGET: http://beacon.findbuch.de/gnd-resolver/pw_imslp/{ID}
#TIMESTAMP: 2019-06-11T17:43:30Z
#CONTACT: Thomas Berger < ThB [at] Gymel [dot] Com >
#FEED: https://beacon.findbuch.de/downloads/patchwork/pw_imslp-gndbeacon.txt
#EXAMPLES: 118556878
#MESSAGE: Noten, Partituren und Auszüge im International Music Score Library Project
#NAME: IMSLP (partiell)
#UPDATE: infrequently
#PREFIX: http://d-nb.info/gnd/
#DESCRIPTION: Aus der de:Wikipedia und en:Wikipedia extrahierte Links
#X-REVISION: 59908 [2019-06-11T17:43:18Z]
#X-EXTENT: 9710 unique identifiers of type SeeAlso::Identifier
100000541
100001718
100001912
10001349X
100027970
100041809
100058183
100065961
100116450
100116523
10011783X
100130828
100134173
100160026
100166962
100178405
100200001
100201946
100202055
100213723
100224156
100227392
100228976
100234526
100241808
100261779
1002623308
100286062
100286208
100292844
100297587
100303501
100308023
100317960
100334490
100342337
100346014
100374123
100379397
100380395
100380719
100398782
100400159
10041415X
10041463X
100414907
100417248
100419224
100421326
100422977
100428649
100429335
10043746X
100439675
100445195
100455840
100458572
100462073
100465137
100465692
100466680
100470106
100470912
100471196
100471609
100479340
100481620
100488153
100497756
100510558
100511341
100524907
100525091
100528554
10053614X
100538398
100538959
10054097X
10054262X
100552641
100561233
100568009
10056934X
10058733X
100588328
100589308
100593119
100599877
100609872
100610226
100611354
100624944
100625320
100637434
100639461
100640362
100649416
100652565
100657249
100657672
100672302
100679684
100695493
100696309
100699510
10070672X
100713629
100724515
100761208
100761453
100763871
100788009
100794548
100796303
100797083
100810136
100813984
100818684
100823548
100832083
100832865
100833047
100833136
100833187
100833195
100833527
100844316
10084751X
100850995
10085404-7
100855296
100862403
100864430
100864627
100864651
100865658
10093790X
100951422
100956572
10096110X
100963757
100975674
100981925
100982875
100983405
100986781
100993052
100999212
101000154
101009135
101016603
101057903
101068662
101069375
101069456
101071388
101071450
1011306883
101137540
1011378337
1011379570
1011407191
1011479788
1011576147
1011645076
101166710X
1011737272
1011854759
1011894955
1011932237
1012080226
1012270351
1012279537
1012281302
1012298302
1012302199
101231474
1012436438
101244371
10125198X
1012542947
101256493
101259883
1012831035
1012936201
1012939596
1012968618
1013041607
1013122127
1013283368
1013451864
1013455282
1013562992
1013594681
101361742
101361769
1013629485
101363184
101363311
101364237
101364261
101364415
101365489
101365632
101371861
101373244
101373325
101373376
1013735706
101373953
101374054
101374089
101374631
101376057
101377169
101377177
101379250
101379420
101379552
101380151
101381670
101381980
101382014
101382243
101382588
101382952
10138310X
101383193
101383460
101383592
101388152
1013944275
101402775
1014041163
1014088240
1014374359
1014443989
1014457165
1014597617
101461015X
101462603
101478976
101501064
1015188532
1015210902
1015365299
1015544738
101572204
1015733794
1015760155
1015760511
101576116X
1015761259
1015906435
1015965512
1016156650
1016232942
1016233469
101650086
1016854072
1017004293
1017050457
1017168466
1017373124
1017462909
1017586268
1017704740
1017927545
101795610
1018055142
101818149
1018184546
1018298002
101830521
1018387463
101840926
101845098X
1018630287
1018686282
101888708
1018952772
1019021640
1019054743
101907003X
1019092149
1019098368
1019101962
1019137533
101914202
1019151951
101915957X
1019222336
1019222468
1019224460
1019224789
1019247770
1019270756
1019298871
1019307862
101930992
1019313978
1019407964
1019420677
1019431180
1019487925
101948921
1019498358
1019566906
1019588446
101971588X
1019744049
1019762543
101987374
1020038047
102006539
1020196815
102028079
1020304499
1020307722
1020308281
1020325585
1020344814
1020419741
1020550643
1020552328
1020577517
1020578653
1020661224
1020754222
1020765798
1020794941
102081800X
1020821272
1020822309
1021110337
1021185302
102118960X
1021242314
1021269875
1021278300
102164916
1021655104
102166587
10218206X
102182884
102199175
102199191
102199213
102199612
102200009
102201080
102202028
102213488
1022153641
1022364103
102249733
1022540408
1022543776
102263724X
1022707361
1022719513
102277350X
1022807463
1022832719
1022915819
102308888
1023143933
1023179385
10232235X
1023235617
1023332868
102338469
102338507
1023580934
1023582090
1023625644
10236267X
102373558X
102374392
102374813
102374856
102374899
102374910
102374953
10237497X
102375054
102375070
1023821338
1023873885
1024101495
102410372
102410577
102410631
102410771
102410976
102410992
102411018
102411034
102411050
102411077
102411115
102411182
102411204
102411220
102411255
102411271
102411298
1024128849
1024130681
102416745
1024183432
102418482X
102418675
102419965
102419981
102420025
102420300
102420327
102420475
102424772
102424799
102424853
10242487X
102427720
102427739
102427771
102427879
102427917
10243011X
1024349462
102437688
102441219
1024421023
1024432009
10244921X
1024511421
102453314
1024542254
1024563022
1024563162
102465789
1024675475
102469805X
1024726843
1024780767
1024878473
102498644
102498741
102498784
102498806
102498822
102498849
102498865
102498881
102498903
10249892X
102498946
102498962
102498989
102499020
102499209
102499322
1024994236
102499500
102499527
10249956X
102499624
102499683
10250377X
102505330
102505373
102509654
1025160460
1025162668
102522359
1025264398
1025265092
1025282477
102533431
10254008X
102546703
102546827
1025470605
102551227
102551260X
102551294
102551537
102551758
1025533925
1025557972
1025564502
102558736
102558957
102559066
1025685776
1025729870
1025730895
1025731476
102575711
1025921240
1025986938
1025987810
1026093333
1026192218
1026196809
1026236436
1026247071
1026336902
1026518342
1026657717
1026670810
1026689147
1026692881
1026731097
1026812321
102685556X
1026873959
1026976677
1027000894
1027037690
1027082475
1027112218
1027124569
1027134912
1027178731
1027316158
1027363253
1027429815
1027433227
1027481701
1027953719
1028055684
1028176201
102834180
102834695
102834741
102834822
102834865
102834903
102834946
102834962
102834989
102835004
102835047
102835063
1028354371
102835438X
1028384432
102842194X
102851379
1028548346
102856915
1028592817
1028605420
1028813848
10288207X
1028941188
1029152543
1029152683
1029178364
102936897
1029372497
1029426422
1029449112
1029487855
1029583013
1029718342
1030012768
1030238308
1030241007
1030485348
1030489696
1030549281
1031120866
1031166890
103117415X
103118187
1031195181
1031248250
1031273735
10312764X
103131876
103140522
1031408517
1031457615
1031462015
1031582347
10315874X
1031651632
103179798
1031830642
1031983546
1032023759
103220453
1032433213
1032787783
1032788550
1033190284
1033204056
1033204463
1033254371
1033332828
1033343773
1033379689
1033390119
1033447366
1033522465
103352638X
1033571326
1033573787
1033623660
1033633127
1033677868
1033757004
1033778427
1033807699
1033828033
1033847437
1033936162
1033936863
1034061348
1034231065
1034406809
1034445952
1034480618
1034588850
1034612662
1034736310
1034859439
1034933078
1035126834
1035162989
1035221535
1035291908
1035421313
1035580144
1035787555
1036125246
1036153630
1036225798
1036522563
1036629325
1036758699
1036784924
1036887669
1036969045
1037140761
1037230922
1037446976
1037579747
1037583337
1037702123
1037736494
103774955
103774971
10377498X
10377503X
103776478
103777210
103777377
103778802
103779965
103781315
103781617
103782605
103782621
103783202
103784004
103785035
103785728
103786899
103787038
103789030
103789375
103790152
103790322
103790411
103790829
103792198
103794646
103794719
103795510
103795553
103795669
103795804
103796665
103796738
103796827
10379705X
1037984463
10379896X
103800972
103802347
103802479
103803807
103803874
103805540
103805850
103807217
103807535
103807861
103808817
103809783
103809821
103810641
103810714
103811397
103812016
103812202
103813888
103814000
103814558
103814744
103814760
103815651
103815740
1038177979
103818103
103819614
103819843
103820779
103820787
103820957
103821031
103821678
103822038
103822909
1038236037
103823875
1038240697
103824472
103824898
10382670X
103826777
103827013
103827668
103829008
103829016
103830782
103831738
1038318343
103837183
103838007
103838252
103838465
103839844
103840141
103840923
103841830
103842535
103842640
103842896
103843299
103843566
103843914
103844155
1038452147
103845445
1038467802
103847863
103848436
103851933
103853286
103853421
103853987
103854010
103854029
103857346
1038594715
103860312
103862188
103862943
10386301X
10386315X
103864962
103864979X
103866981
1038671329
103867422
10386749X
103867848
103868119
103868615
10387223X
103874615
103875298
103876030
103877169
103879358
103880356
103880690
103884149
10388436X
103885390
103885668
103886893
103888039
10388940X
103889868
103892354
103892532
103894357
103895531
103895736
103896244
103897984
103898506
103898573
103898883
103899731
10389991X
103900020
103900543
103901361
103901396
103901779
103902600
10390400X
103904395
103904530
103905480
103906290
10390669X
103907300
103908854
103909664
103909788
10391076X
103911553
103912355
103914617
103914625
103914684
10391479X
103914935
103915052
103916202
103916709
103919600
103922601
103923519
103928146
103929150
103931155
103932593
103932798
103934235
103935045
103935479
103936165
103936203
103937110
103938508
103938915
103940227
103941703
103941983
103943536
103946489
103947825
103949178
103949828
103950176
103950273
103951164
103952403
103953361
103956786
103957308
103958274
103966722
103968644
10396889X
103972196
103977430
103979182
103979689
103979786
103982329
10398576X
10398609X
103989013
103992693
103994319
104001070
104006358
104010568
104012897
104013516
104017120
104018879
104018976
104022183
104023104
104023600
104023821
104023899
104024852
104025727
104026332
104028408
104030364
10403128X
104033886
104038187
104040270
104044977
104045140
104046236
104050101
104056134
104059389
104064021
104064064
104064137
104064455
104066660
104066679
104066717
104066733
104066814
104066865
104066873
104066881
10406689X
104066911
104066954
104066962
104066970
104066989
104067012
104067020
104069015
104070404
104074353
104074361
104075813
104081236
104086327
104086424
104090359
104093579
104093757
104097396
104099380
104099445
104100923
104101024
104106271
104115319
104123303
104123869
1041242085
1041315619
10413478X
10413660X
104137444
104141786
104150998
104151978
104161566
104162392
104163925
104166681
104166797
104175095
104176571
104186968
104188898
104192917
104198273
104201088
10420673X
104206748
104206772
104206780
104206829
104206896
10420690X
1042069913
104207019
1042073775
104208759
104208767
10420902X
104209054
104213949
10421449X
104224002
104224150
104224517
1042285799
104235012
1042405174
104242450
104242574
10424478X
104245468
104255137
104263199
104265256
104268034
104270500
104270632
104271531
104273399
104274255
104275618
104278870
1042800758
104285907
104300221
104305517
104307544
10430958X
104311320
104311525
104311541
104311568
104311606
104311630
104311657
104311665
104311703
10431172X
104311754
10431821X
104318694
104318716
104318724
104318759
104319321
1043221344
104324627
104325453
104332042
104333073
104333340
104338601
104340967
104340991
104345519
104345616
1043477438
1043514929
104360984
1043614842
104362383
104364467
10436503X
104365145
1043720979
104372397
104379431X
1043795332
104382805
104383883X
1043863915
1044196203
1044369981
1044390980
1044502150
1044556951
1044610832
1045175862
1045176052
1045189243
1045458813
1046024418
1046210009
1046229982
1046243233
1046264915
1046440594
1046528475
1046665952
1046666037
1046700723
1046709461
1046799592
1047067226
1047150948
1047226243
1047367300
1047511312
1047551217
1047617803
1047693569
1047777304
1047876213
104787637X
1047947846
1047956276
1048055698
1048161684
1048162400
1048166309
1048360644
104842393X
1048547558
1048652416
1048733076
1048735079
1048748081
104926147X
1049485491
104950710X
1049558588
1049748220
1049972074
1050008014
1050252225
1050327853
1050403916
1050426991
1050440560
1050460456
1050463587
1050554485
1050580-5
1050672798
1050677811
1050684796
1050685652
1050686608
1050687213
1050700546
1050853555
1050991397
1051228719
105122960X
1051299306
105141525X
1051485320
1051499690
105192846X
1051948282
1051948363
1051958466
1052093787
1052214959
1052351069
1052433278
1052683177
1052705022
1052705073
1052705146
1052707238
1052712258
1052826679
1052833039
105283504X
1052835279
105283843X
1052838499
1052838553
1052839568
1052839959
1052841090
1052846653
1052853226
1052884911
1052884962
1052899331
1052921833
1053033982
1053034180
1053042639
1053053746
1053061471
1053062141
1053063296
1053065027
1053067917
1053082215
1053083920
1053086857
1053151365
1053180179
1053184174
1053185421
1053185502
1053270151
1053270313
1053274130
105336685X
1053394381
1053453264
1053776918
1053949847
1053973454
1054106495
1054406707
1054440166
1054661146
1054822654
1054824983
1055095381
1055095969
1055109560
1055136738
1055140026
1055140298
1055140301
1055140409
1055140581
1055142363
1055142371
105514255X
1055142568
1055142584
1055142711
1055143017
1055143378
1055143394
1055172823
1055185860
1055186956
1055188754
1055189459
105519407X
1055195475
1055195696
1055210148
1055210253
1055211365
1055211861
1055213864
1055213872
1055218327
1055224661
1055229108
1055235302
1055237771
1055238034
1055258485
1055273050
1055273239
1055276335
1055376062
1055391371
1055471162
1055482628
105548390X
1055552278
1055595597
1055634991
1055670181
1055726799
1055730362
1055786708
105607231
105608104X
1056103795
1056103922
1056107464
1056107871
1056110082
1056111321
1056112360
1056123508
1056131020
1056134135
1056135387
1056149345
1056151307
1056152370
1056155159
1056157119
1056255471
1056258535
1056322055
1056344539
1056352647
1056353430
1056439505
1056447729
1056480564
105650028X
1056547731
1056586117
1056687290
1056726571
1056743514
1056769386
1056769475
1056797266
105695373X
1057070785
1057132349
1057283924
1057300713
105739596X
1057470732
1057503398
105756298X
1057569461
1057571024
1057574872
1057587516
1057642231
1057700398
1057711357
1057728802
1057734039
1057796441
1058094920
1058098349
1058160834
1058281372
105876895
1059220644
1059555506
1059628368
1060034840
1060063204
1060130874
1060390094
1060393352
106040429X
106043390
1060520486
1061107086
1061677923
1062572084
1062688708
1062690184
1062752430
106280581X
1063002435
106310410
1063319501
106373021X
106373827X
1063744393
1063754658
1063924480
1063977576
1064194168
1064329179
1064889689
1065265638
1065265778
1065416385
1065689403
106582419X
1066270511
1066284881
1066399794
1066412235
1066542104
1066662258
1066810184
1067262547
1067263446
1067435549
1067540172
1067543562
1067613315
1067650547
1067976396
1068084081
1068188340
1068195290
106827185X
1068280166
1068280360
1068304138
106833312X
1068343796
106835738X
1068485159
1068728620
1068930616
1069094099
10692981X
1069598895
1069599662
1069942669
1070040983
1070050547
1070174319
1070227366
1070589853
107072076
1070736996
1070822795
1071011669
1071658247
1071867725
1072379279
1072441330
1072588471
1072631911
1072778769
1072871483
1073256677
1073553906
1073567354
1073664066
1073667839
1073958604
1073993337
1074338685
1074852877
107487742X
1076134238
1076276997
1076374948
1076375057
1076375103
107637512X
1076375383
1076375421
1076375596
1076375707
1076375987
1076376045
1076376134
1076376150
1076376193
1076376223
1076376266
1076401430
1076420702
1076488668
1076630383
107683733
1077052995
107711141X
1077801483
10785869X
107879964
1078803927
1078961468
1079102868
107939312
1079479090
1079708790
1079789057
1079829237
1079891269
1080021620
108010853X
1080872345
1080978127
1081041498
1081211091
1081255153
1081317922
108138054
1082257540
108359573
1084012901
1084023792
1084143860
1084145022
1084234386
1084361841
1084363488
108455300
1085172996
1085778770
1087122-6
1087174-3
10876799X
108770982
108833850X
1088346456
1088802591
1089107242
1089154437
1089182511
1089182694
1089183356
1089183682
1089183739
1089184743
1089188617
1089189915
1089206003
1089213484
1089216602
1089220049
1089224214
1089261659
1089266588
1089267436
1089272693
1089277709
1089278160
1089330545
1089338546
1089344783
1089356501
1089383371
108941546X
1089428324
1089429606
1089460910
1089519184
1089530099
1089608012
1089631502
1089682220
1089686080
1089686099
1089737211
108974207X
1089748051
1089750366
1089750927
1089751818
1089753950
1089756054
1089756976
1089760183
108976068X
1089763557
1089763565
1089763727
1089763875
1089764553
1089767005
1089767676
108977253X
1089774613
1089775466
108977916X
108978094X
1089782470
1089784538
1089784880
1089785216
1089785615
1089789254
1089791984
108979200X
1089795521
1089795971
108979620X
1089803141
1089804555
1089804652
1089806310
1089806361
1089808712
1089809077
1089809662
1089810075
1089810199
1089811918
108981268X
1089813708
1089816537
1089816928
1089821956
1089825293
1089826664
1089834624
1089836880
1089838425
1089840241
1089841639
1089845553
108985126X
108985451X
1089857411
1089857438
1089858051
108985806X
1089863462
1089876238
1089880154
1089893450
1089902123
1090185863
1091097348
109142063
1091595313
1091714-7
1092710-4
109497724
1095494775
1096194287
1096501910
1097275574
1097295559
1097397734
109912459X
1099324386
1100723935
1100885935
110137728
1102191612
110269889X
1102915602
1103255290
1103700235
1104156989
1104177986
110523679
1106010671
110660609
110684419X
110700805
110781300X
1108129285
1108807208
1110913907
1111561168
1111574375
1111816220
1112227539
1113311703
1114071080
1114753165
1114926450
111520999X
1115265970
1116203021
1116305267
1117113590
1117235319
11192975X
1119830079
1121247075
112147439X
1121943659
1122761104
1123038384
1123174806
1123818088
1123834628
112399339
1124400699
1124480307
1124558640
112456392X
1124594310
1124612793
1124707670
1125039167
1125404639
1125473479
1126196894
1127251333
1127364731
1127887890
1128402599
112882518X
1129191648
112936898X
1129481123
1130815536
113189491X
1132145546
1132351278
1133094988
1134887639
1135951950
1136343822
1136343873
1136482997
113667213
113673671
1136745734
113679977X
1137016175
1137649615
1137879297
1138734179
1139307118
1142831299
1144309905
1145466745
1145651860
1146028768
1146035284
114603671X
1146124732
1146172486
1146260318
1146330162
114649887X
1147118523
1147132224
1147135169
114715127X
1147158304
1148169261
1148173749
1149493259
1150675926
115102949
115341862
115342621
11534618X
11536014X
115368582
115383344
115395156
115399798
115400206
115400397
115433651
115438769
115445382
115445404
115452761
115453814
115453830
115457089
115457135
115457305
115457410
115457755
115458026
115458115
115458239
115458344
115458379
115460608
115468048
11549510X
115497374
1155130626
115516379
115528334
115532323
115532412
115548149
115549331
115556907
115556982
11555775X
115557903
115558071
115559337
115562362
115580131
115580190
115598162
115602798
115620257
115620370
115620494
115620532
115620540
11562077X
115620842
115620958
115623094
115628517
1156387930
11564654X
115666494
1156765099
1156810299
115688684
115690387
115692037
115694080
115706704
115711449
115726721
115728295
115730281
115732608
115736220
115736239
115736522
115739025
115739041
115739076
115739114
115739122
115739211
115739262
115759980
1157716717
115782516
115791701
115815422
115823352
115823379
115823441
115823549
115823859
115823956
115829253
115833706
115845917
115847022
115849238
115850570
115851569
115851607
115852565
115864660
115869980
115872310
1159713006
116001062
11600178X
116002468
116003863
116004789
116006730
116009136
116009403
116010010
116010231
11601198X
116012374
116012528
116013729
11601430X
116014326
116014490
116014660
116014687
116018259
11601833X
116019344
116020385
116020768
116020776
116020865
116020938
11602321X
116023236
116024097
116024976
116025360
116025549
116027584
116028114
116028130
116028203
116029579
116031875
116032146
116032529
116032537
116034122
116034793
11603498X
116035765
116035803
116035862
116036087
116036842
116037784
116038012
116038063
116039191
116040505
116040718
116042095
116042265
116044578
116044640
116045655
116045787
116045957
116047658
116049545
116051353
116051760
116051817
116052104
116052546
116053585
116054123
116054670
116055448
116056908
116057165
116058471
116058730
116058994
116059028
116059923
116060514
116060689
116062029
116064250
116064366
116065907
116066164
116066415
116067853
116068035
11606840X
11607020X
116070625
11607194X
116072458
116072954
116073349
116073764
116078073
116078162
116079150
116079312
116079975
116081384
116081546
11608166X
116081740
116082429
116083182
116084499
116085053
116085274
116087919
116088516
116089989
116090235
116094265
116096497
116097108
116097639
116097701
116100249
116102403
116102977
116103086
11610368X
116103752
116104872
116105054
116106867
116110155
116111097
116112425
116113669
116113936
116114657
116116331
116116838
116117680
116117710
116117826
116118423
116119985
116120355
116121572
116121661
116124687
116125772
116127287
116127465
116130954
116131810
116132388
116133767
116133872
116134011
116134062
116134380
11613481X
116136545
11613674X
116137517
116138238
116140089
116143266
116144351
116145927
116147156
116149493
11614968X
116149698
116150319
116151579
116152427
116153881
116154225
116154462
116159421
11615991X
116161159
116161167
116161795
116163119
116163372
116164336
11616557X
116166851
116170867
116171693
116172169
116173394
116174137
116176849
116178515
116178728
116179449
116179570
116180064
116180110
116181273
116181427
11618258X
116182776
116184310
116186941
116189762
11618986X
116191368
116191686
116194472
116194898
116194928
11619510X
116195398
116195886
116196742
116199059
116199180
116200367
116200952
116201932
116202920
116203102
116203307
116203781
116204273
116204400
116205547
116205563
116206632
116206934
116207310
116207523
116209321
116209429
116209976
116210303
116210680
116210974
116217782
116217901
116218290
116218649
116220945
116222395
116222425
116222433
116222743
116222786
116223901
116223987
116225203
11622620X
116226900
116228660
116230002
116230797
116230924
1162309423
116232250
116233087
116233214
116233230
116233869
116237244
116237678
116237732
116238062
11624058X
116241217
116246103
116250097
116251530
116251549
116251654
116252200
116252480
116252499
11625257X
116253835
116254351
116256885
116256931
116258896
116258934
116259019
116259035
116260564
116260696
116261234
116261277
11626182X
116261919
116262079
116262818
116263431
116264799
116264950
116265221
11626537X
116267100
116267127
116268409
116270802
116270888
116272481
11627364X
116273739
116274352
11627509X
116276940
116277513
116277661
116277882
116277920
11627834X
116278471
116278633
11627865X
116279559
116281375
116282592
116282703
116282738
116284846
116285036
116286474
116286857
116289252
116289325
116289929
116290439
116291710
116291842
116295260
116297506
116297549
116298413
116299789
116300981
116303042
116303093
116303298
116304294
116304634
116305541
116305649
11630586X
116305878
116306351
116306831
11630734X
116308583
116308621
116309792
116310006
116312343
116314184
116315040
116315644
116315865
116319011
11631995X
116322160
116323124
116323930
116325151
116325925
11632659X
116327359
116327472
116327642
116328223
116329475
116331623
116331674
116332603
116332662
116333278
116335181
116336382
116338083
116338156
116340541
116341971
116342439
11634301X
116343176
116343478
116345683
116346418
116347015
116349158
11634993X
116351764
11635190X
116352337
116353635
116354178
116354720
116357126
116357940
116358246
116360046
11636128X
116363193
116364440
116367032
116367180
116367806
116367857
116368640
11636906X
11637280X
11637408X
116377445
116379766
116380861
116382341
116382627
116382740
116383011
116383054
116383909
1163840874
116385154
116385308
116389095
116389346
116389397
116391057
116391901
116392983
116393335
116395001
116395648
116395680
116396105
116396466
116396717
116397306
116397500
116397918
116399945
116402091
116403942
116405074
116405449
116406356
116406895
11640728X
116408936
116409207
116409681
116409908
116410051
116410132
116411996
116412895
11641359X
116414006
116414138
116415878
116418893
116421029
116422238
116422319
116423064
11642317X
116423692
116423749
116425725
116427620
116428384
116428473
116428554
116430796
116431415
116431814
116432047
116432128
11643290X
116434767
116435054
116435089
116436085
116436190
11643788X
116439602
116440236
116444436
116445912
116447745
116449446
116450045
116450584
116450851
11645136X
116451793
116452072
116452404
116456868
116461020
116462450
116463007
116463570
116464127
116464534
116465859
116466472
116466634
116467231
116469196
116470577
116471751
116472812
116473088
116473754
116473843
11647548X
116476761
116477210
116478012
116478020
116481447
116481552
116485183
116486368
11648666X
116487739
11649042X
116491027
116491671
116492619
11649445X
116495545
116497602
116498234
116498889
116499745
116499885
116500395
116502428
116504331
116504641
116505443
116505621
116506296
11650630X
116506377
116507004
116507152
116507373
116510471
116510927
116513365
116513772
116514728
116514892
11651535X
116515937
116517689
116518685
116518960
11652099X
116524057
116524758
116525126
116526076
116528095
116530758
116531118
116531398
1165327384
116533579
116533676
11653382X
116534060
116534079
116534591
116537620
116539062
116539909
116540516
11654077X
11654127X
116541350
116542063
116543205
116543434
116543450
116544570
116545526
116546042
116547030
116549165
116551038
116551313
116552336
116554134
116558016
116558784
116560193
116560681
11656203X
116562706
116564091
116565292
116566418
116566477
116567155
116568348
116569468
116570741
116570881
116572922
116573627
116575328
116576103
116576200
116577444
116577800
116579420
116579757
116581182
116581530
116583673
116583681
116584319
116584653
116585773
116586540
116587474
116589930
116590564
11659263X
11659294X
116593539
11659554X
116595795
116596562
116596597
116597712
116598883
116599030
11659909X
116599391
116600098
116603054
116604220
116605642
116605650
116607092
116607157
116608943
116609478
116609885
116609931
116610530
116610662
116611537
116611804
116612037
116612290
116613203
116613483
11661580X
116617152
116617675
11661868X
11662227X
116622911
116624043
116624108
116624299
116624620
116624841
116625651
116626364
116627069
116628693
116628774
116630795
116631279
116631457
116631910
116632011
116633158
116634464
116634669
116635983
116636041
116636068
116636521
116636602
116637307
116638672
116640243
116640367
116640774
116641711
116644729
116645016
116645946
116647302
116647787
116648341
116649666
116649968
116652047
116652357
116654260
116655224
116656018
11665662X
11665872X
116659734
116661003
116661682
116662166
116662344
116665920
116668660
116668830
116669314
116670649
116674482
116675357
116676264
116677554
116677805
116679425
116682418
116686707
116688912
116692774
116693002
116693347
11669386X
116694475
116695110
116695714
116696117
116696125
116696311
116696885
11670313X
116704233
116704446
116705221
116706066
116707038
116707720
116708263
11670893X
116709642
11670974X
116711396
116711515
116711728
116712821
116718013
11671803X
116718234
116718889
116719575
116719710
11671980X
116723262
11672594X
116727241
116728361
116728698
116729546
116730072
116733136
116734086
116734787
116736550
116736569
116738529
116738839
116740272
116740574
116742801
116744545
116744758
116747749
116752335
116752505
116752734
116755334
116756632
116756918
116757086
116757221
116758031
116759194
116759267
116760400
11676211X
116762705
116764074
116765704
116765968
116766301
116766379
116767189
116767650
11676855X
116770368
116772492
116772522
116773588
116774940
116776943
116777745
116777990
116778806
116779128
11678041X
116780711
116781998
116782544
11678346X
116783575
116785063
11678735X
116787473
116790962
116791748
116792477
116792841
116793007
116794526
116796170
11679691X
116797673
116798599
116799145
116799293
116799625
116799633
116799838
116801832
116804831
116805455
116805730
116807024
116808268
116809205
116809655
116809949
116811528
116811757
11681182X
116813156
11681859X
116819073
116821175
1168282675
116829826
116830980
116832762
11683420X
116834277
116834633
116834714
116835648
116835737
116836415
116836539
116841044
116842989
116843217
116843470
116843780
116843985
116844493
116844841
116845406
116847735
116848871
11684938X
116849436
116849959
116850116
116851090
116854073
116854936
116855274
116855487
116855738
116855908
116857218
116858702
116860413
11686060X
116860766
116861002
116861150
116862084
116865407
11686589X
116868996
116871733
11687189X
116871997
116873655
116873884
116875992
116878363
116879351
116879394
116881690
116883286
116885793
116888105
116888652
116889543
11689069X
116891211
116891734
116892455
116894105
116894660
116897325
116897686
116897902
116899239
116899344
116899530
116900253
116901004
116901128
116901241
116901519
116902930
116906294
116907347
116909196
116909390
116911123
116911514
116915889
116919280
116920386
116920602
116920807
116922842
116924950
116926910
116927216
116927755
116927852
116933259
116935243
116936371
116936991
116940085
116941391
116941898
116942037
116943122
116945818
116946733
116947527
116948965
116948981
116949805
116951346
11695213X
116953829
116953853
116953861
116954655
116955139
116955945
116957948
116959827
116960191
116961694
116961902
116961945
116961961
116963808
116963956
116964146
116964626
116965355
116965762
116965916
116966122
11696636X
116973978
116974753
116975261
116977108
116977477
116978589
116978759
116979682
116980257
116980885
116981385
116981725
116985925
11698595X
116986514
116986522
116986743
116987243
116988282
116988592
116990724
116992468
116992484
116992867
116993138
116994754
116995254
1169971970
116997249
116997818
116998938
11700152X
117002178
117004367
117004561
117004758
117007048
117008370
117009520
117010235
117010421
117010480
117011770
11701303X
117013544
11701513X
117019682
11702029X
117021466
117021490
117022403
117022470
117025011
117026190
117029637
117030783
117031488
117032727
11703343X
117033634
11703603X
117039926
117039977
117039993
117042919
117044156
117046817
117048593
117049670
117050628
117051535
117053376
117055441
117056553
117056693
117057118
11705741X
11705822X
117058297
117058750
117059013
117061255
117062251
117065234
117067997
117068098
117069671
117070785
117071099
117071153
117071293
117072435
117072508
117072931
117076228
117076961
117078115
117078719
11707988X
117080330
11708090X
117081523
117084387
117088862
117089249
117092517
117092614
117095486
117100390
117101516
117102067
117102385
117102946
117104221
117106534
117106828
117106836
117108189
117109347
117110418
117110450
11711099X
11711118X
117112984
117113972
117116793
11711684X
117116882
117118826
117120251
117121207
117121800
117123102
117126217
117126918
117127442
117127531
117127884
117128511
117130761
117132926
117133957
117134236
117134260
117134449
117134554
117134864
117139793
117139947
117144398
11714469X
117145637
117147443
11715136X
117152838
117153869
117153931
117154938
117156094
117156302
117157007
117157457
117158755
117160555
117160814
11716187X
117163406
117163872
117164860
117167444
117167975
117167991
117168890
117169781
117170704
117172634
117174688
117174793
11717534X
117178101
117180637
117183377
117188077
117189561
11719137X
117192082
117193801
117193828
117194670
117194875
117195766
117196061
117196908
117197068
117197289
117197319
117197343
117197351
11719977X
117201731
117202363
117205923
117206717
117207543
117211516
117212326
117215848
117216615
117217204
117218189
117219916
117220469
117223298
117223794
117225487
117226157
117226971
117227498
117229563
117232874
117233048
11723320X
117235385
11723589X
117238694
117238767
117240443
117240869
117240974
117241849
117243655
117243809
117244635
117245151
117245658
117245666
117245674
1172470189
11724726X
117247588
117247618
1172476764
117248207
11724824X
117248681
117248711
117249297
117249378
117250538
117252867
117254975
117255025
117256315
117258644
117259268
117260924
117262684
117266159
117266752
117267252
117269212
117270008
117271446
117271799
117273104
117273767
117274119
117274194
117279757
117280135
117282898
117282901
117285323
117286877
117287474
117289000
117289337
117289434
117289604
11729098X
117291447
117291862
117293385
117294489
117294527
117295329
117296325
117296880
11729781X
117301116
117301817
117302686
117302791
117305480
11730557X
117306282
117306355
117306614
117310719
117311332
117311820
117311901
117313491
117313963
117314277
117315699
11731577X
11731627X
117317225
11731725X
117318809
117318892
117320005
117320617
117321613
117324795
117325880
117326720
117328367
117329010
117329657
117331090
117331856
117333255
117333840
117334391
117334472
117334596
117335207
117336289
117338311
117338540
117339008
117339911
117341428
117342432
117346748
117347132
117347825
117349011
11735015X
117350346
117351202
117355240
11735578X
117356379
117357588
117357669
117358258
117359882
117362743
117363855
117365203
117365386
117366021
117366161
117368393
117371041
117374091
117374237
117375268
117377929
117380733
117380970
117381209
117382132
117382817
117384402
117385336
117385395
11738626X
117386979
117388483
117390046
117391506
117392359
117394394
11739517X
117395188
117395404
117395684
117396923
117397016
117398586
117398683
117400319
117400467
117401145
117401234
117401625
117402877
11740487X
117409030
117410144
117411329
117413496
117414530
11741462X
117416460
117416894
117417718
117418382
117420492
117421227
117421650
117422959
117423564
117424277
117424862
117425214
117425273
117426628
117426784
11742692X
117427179
1174305177
117432512
117433470
117435198
117435325
117438405
117441031
117442003
117443018
117447080
117448214
117449784
117449962
117450944
117452017
117453404
117454338
117454729
117455369
117456322
117457507
117458058
117458600
117459313
117459623
117460184
117461628
117463272
117464392
117466506
117466840
11746712X
117467146
117467308
117467766
117468142
117469114
117469513
117469602
117471143
117471739
11747195X
117471984
117475130
117475564
11747651X
117478202
117479993
117481262
117481645
117481718
117481947
117482749
117484393
117484482
117485365
117485470
117485969
11748735X
117488585
117491314
117492248
117493236
117495255
117498920
117499277
117504289
117506338
117506524
117512273
117513903
117519901
117522716
117530832
11753532X
117542601
117542830
11754423X
11754535X
11755295X
117555304
117564265
117564702
117566756
117569992
117573507
11757791X
11757824X
117582115
117583928
117586900
117587885
117597082
117598127
117602418
117606006
117615242
117621323
117621641
117623180
117624608
117632643
117632767
117634948
117635006
117635383
117637815
117642541
117644099
117648353
11765468X
117658316
117664049
117665630
117679984
117680230
117680818
117687464
11769195X
117697575
11771402X
117725269
117731250
11773134X
117731927
117732109
117732400
117733717
117735035
117735086
117735108
117735345
117735647
117735728
117735760
117736120
117736147
117736155
11773618X
117736201
11773621X
117736821
117737127
117737224
117737798
117739006
117739286
117740713
117741000
11774123X
117742066
117742384
11774333X
117743577
117743593
117743631
11774378X
11774381X
117743895
117746746
117748080
117749443
117749494
117749516
117749532
117749540
117750794
117761060
117761087
117761257
11776180X
117761974
117764612
11776647X
117767360
117768103
118012215
118018302
118038818
118039180
118042408
118053027
118089919
11809548X
118115073
118122274
118129147
118136437
118144847
118153722
118181033
118200194
118204629
1184638225
11850004X
118500511
118500619
118500694
118500856
118501070
118501437
118501550
118501704
118502107
118502794
118502816
118503111
118503243
118503634
118503944
118503952
118504118
118504177
118504185
118504282
11850505X
118505114
118505491
118505505
118505521
11850553X
118505548
118505696
118505904
118506374
11850651X
118506811
118506900
118507184
118507400
118507850
118508253
118508288
118508709
118508911
118509047
118509322
118509675
118509810
118509845
118510177
118510304
118510622
118510762
118510916
118511084
118511270
118511394
118511440
118511459
118511513
118511637
118511653
118511718
118511963
11851198X
118512013
11851217X
118512293
11851248X
118512552
11851282X
118512978
118512986
118513028
118514253
118514709
118514768
118515055
118515527
118515543
118515586
118515624
118515780
118515799
118516051
118516221
118517414
118517473
118517775
118517848
118517880
118518011
11851816X
118518208
118518224
118518232
118518658
118519131
11851928X
118519409
11851993X
118520040
118520237
118520245
118520326
118520377
118520539
118521039
118521098
118521330
118521349
118521500
11852156X
118521802
118522175
118522213
118522620
118522787
11852285X
11852321X
118523236
118523341
118523392
118523473
118523708
118523872
11852397X
118524186
118524836
118524844
118524895
118525042
118525239
118525255
118525751
118526731
11852710X
118527169
118527533
11852755X
118527649
118527924
118528122
118528203
11852836X
118528572
118528688
118528777
118528823
118529390
118529692
118529846
118530062
118530127
118530801
118531026
118531352
118531395
118531522
118531883
118532154
118532308
118532464
118532677
118532790
11853307X
118533924
118534262
118534424
118534483
118534521
118534556
118534645
118534912
118534963
118534971
118535048
118535196
118535749
118536249
118536656
118536966
118537024
11853758X
118537598
11853789X
11853811X
118538322
11853856X
118538659
118538918
118539124
118539353
118539523
118539841
118540033
118540238
118540300
118540424
118540505
118540580
118540866
118540890
118540939
118541013
118541102
118541692
118541706
118541951
118541978
118542001
118542079
118542192
118542257
118542265
118542273
118542699
11854277X
118543008
118543164
118543199
118543431
118544489
118544632
118544772
118544918
118545205
118545515
118545825
118546198
118546309
118546554
118546635
118546643
118546651
118546856
118546864
118546910
118546937
118547356
118547445
118547453
118548018
118548204
118548549
11854893X
118549006
118549316
118549448
118549553
118549693
118549944
118550128
118550268
118550292
118550403
11855042X
118550470
118550772
118550993
118551124
118551256
118551981
118552023
118552465
11855249X
118552589
118552759
118552821
118553216
118553356
118553461
118553526
118553569
118553720
11855381X
118553909
11855414X
118554190
118554212
118554492
118554603
118554654
118554751
11855476X
118554840
118554867
118554948
118555081
118555286
118555553
118555642
11855588X
118556142
118556231
118556878
118557211
11855753X
118557920
118558323
118558501
11855851X
118558692
118559230
118559516
118559559
118559605
11855963X
118559796
118560328
118560581
11856059X
118560697
118560883
118560999
11856109X
118561545
11856157X
118561685
118561804
118561936
118562185
11856224X
118562258
118562290
118562347
118562681
118563076
118563300
118563386
118563572
118564145
118564722
118565036
118565532
118565753
118565796
11856627X
118566636
118567713
118567837
118567934
118568434
11856868X
118569317
118569481
118569597
118569600
118569880
118569945
118570080
118570293
118571036
118571508
118571842
118571869
11857194X
118571990
118572148
118572954
118573071
118573527
118573632
118573853
118573934
118574418
118574469
118574523
11857471X
118575287
118575449
118575465
118575856
118576089
118576291
11857633X
118576518
118576771
118577409
118577700
118577808
118577905
118577972
118578065
118578073
118578189
118578375
118578413
118578448
118578529
118578723
118578995
118579207
118579436
118579894
118580310
118580604
118580728
118580736
118580744
118580779
118580906
11858104X
118581201
118581465
118581775
118581813
118581945
118582038
118582143
118582267
118582453
118582607
118583107
11858331X
118583417
11858362X
118583689
118583700
11858412X
118584375
118584588
118584596
118584758
11858524X
118585754
118585940
11858622X
118586548
118586688
118586777
118586890
118587005
118587013
118587234
118587404
11858751X
118587684
118587943
118588893
118589598
118589636
118590111
118590510
118590537
118590618
118591029
118591177
118591673
11859169X
118591843
118591940
11859320X
118593226
118593234
118593315
118593625
118594117
118594168
118594869
118595237
11859527X
118595512
118595695
118595741
118596608
118596721
118596829
11859687X
118596942
118597353
118597442
118597523
118597655
118597779
118597914
118598090
118598104
118598155
118598651
118598988
11859902X
118599100
118599976
118600028
118600486
118600850
118600877
11860094X
118600966
118601024
118601032
118601067
118601121
118601148
118601644
118601709
118602160
118602519
118602667
118602985
118603426
118603612
118603817
118604449
118604899
118604902
118605089
118605348
118605534
118605690
118605933
118605976
118606042
118606360
118606662
118606832
118607154
11860757X
118607626
118607871
118607960
118607987
118607995
118608002
118608762
118609467
118609920
118610023
118610473
118610643
11861066X
118610740
118610953
118610961
11861116X
118611232
11861164X
118611666
11861214X
118612409
118612425
118612433
118612514
118613073
11861343X
1186134828
118613510
118613685
118613723
118613774
11861391X
118614339
118614363
118614576
118614800
118614916
118615017
118615378
118615688
11861598X
118616005
118616129
118616277
118616366
118616374
118616536
118617230
118617257
118618113
118618458
118618725
118618784
118618814
118618830
118619004
11861908X
118619098
11861911X
118619314
118619780
11861990X
118620096
118620185
118620193
118620207
118620401
118620517
118620614
118620878
118620916
118621009
118621130
118621165
11862119X
118621327
118621378
118621483
118621815
118621823
118622110
118622161
118622277
118622293
118622404
118623257
118623443
118623575
118623990
118624105
118624423
11862444X
118624539
118624822
118625063
118625306
118625756
118625985
118626116
118626353
118626523
118626574
118626620
118626825
118627058
118627066
118627287
118627309
118627546
118627813
118627910
118628429
118628763
118628879
118628976
118629662
118629786
118629867
118630202
118630245
11863027X
118630539
118630563
118630830
118630954
118631373
11863142X
118631713
118631764
118632302
118632477
118632779
118632841
118633112
118633252
118633465
118633716
118634313
118634437
118634623
118634712
118634879
11863495X
118635174
118635212
118635867
118636421
11863643X
118636456
118636715
118636812
118636847
118637223
118637479
118637584
118637703
118637886
118638017
118638084
118638149
118638157
118638289
118638602
118638629
11863870X
118638904
118638947
118639226
118639293
118639315
118639366
118639463
118639471
118639528
118639676
118639722
118639757
118640038
118640380
118640569
118640682
118640801
118640887
118641107
118641131
118641158
118641255
118641492
118641816
118641832
118641859
11864212X
118642359
118642375
118642405
118642472
118642529
118642545
118642669
118642677
11864291X
118642995
118643010
118643037
118643118
118643231
118643495
118643533
11864355X
11864372X
118643819
118644122
118644130
118644254
118644300
118644521
118644548
11864517X
11864565X
118646184
118646192
118646265
118646532
118646540
118646583
118646885
118647512
11864758X
118647814
118648071
11864808X
11864811X
11864839X
118648594
118649442
118649485
118649574
118649604
118650386
118650890
118650947
118650963
118651218
118651471
118652028
118652036
11865215X
118652931
118653369
118653393
118653857
118654195
118654292
118655132
118655191
118655329
118655671
118655930
118655957
118656295
118656856
118656864
118657038
118657062
118657097
118657135
118657518
118657542
118657658
118657771
11865781X
118657836
118657887
118658042
118658077
118658115
118658875
118658980
118659170
118659243
118659561
118659642
118660063
118660144
118660217
118660284
118660292
118660497
118660764
118660934
118661590
118661914
118662406
118662570
118662864
118662996
118663291
118663593
118664085
118664638
118664883
11866493X
118665235
11866526X
118665324
118665340
118665618
118665685
118665790
118666134
118666215
118666312
118666401
118666584
11866672X
118667424
118667491
118667866
118667904
11866798X
118667998
118668099
118668153
118668161
11866817X
118668188
118668218
118668366
118668390
118668404
11866851X
118668757
118668773
118668927
11866901X
118669109
118669168
118669729
118669796
118669818
118669923
118670042
118670115
118670247
118670263
118670336
118670387
118670913
118670980
118671383
118671456
118671561
118671626
11867191X
118672207
11867238X
118672398
11867269X
11867272X
118672789
11867286X
118673920
118674072
11867434X
118674471
118674501
118674714
118675109
118675427
118675648
118675974
118676237
118676423
118676687
118677012
118677047
118677187
118677403
118677667
118677896
118677977
118678043
118678302
118678396
118678469
118678841
118678957
118678973
118678981
1186792124
118679236
118679287
118679732
118679848
118679856
118680129
118680552
118680684
118680897
118681508
118681524
118681877
118682342
118682482
11868289X
11868292X
118683071
118683144
11868356X
118683578
118683829
118683888
118683985
118684000
118684094
11868423X
118684280
118684418
118684493
118684639
118684663
11868468X
118685104
11868518X
11868521X
118685279
118685414
118685570
118685899
118685929
118686356
1186866004
118686925
118687212
118687301
118688308
118688588
118688855
118689061
118689118
118689223
11868924X
118689363
118689878
118690655
118690728
118690876
118690949
118691147
118691287
118691511
118691767
118691805
118691929
118692070
118692429
118692445
11869250X
118692755
118694375
118694405
118694456
118694588
118694820
118695312
11869538X
118695398
118695495
118695762
118695959
118696025
118696211
118696238
118696343
118696610
118696750
118696823
118697498
118697641
118697854
118698370
118698508
118698753
118699121
11869930X
118699741
118699792
118700154
118700421
11870057X
118700944
118701223
118702262
118702394
118702688
118702890
118702955
118703323
118703366
118703668
118703811
118704133
118704400
118704931
118704958
118706047
118706055
118706608
118706640
118706888
118707469
118707701
118707795
118708236
118709143
118709216
118709291
11870933X
11870950X
118709712
118710222
118710524
118710648
118711091
118711113
118711172
118711709
118711873
118712357
11871290X
118712926
118713191
118713507
118715054
118715232
11871533X
118715461
11871578X
118715941
11871600X
118716123
118716158
118716204
118716220
11871631X
118716344
118716425
118716573
118716662
118717200
118717243
118717251
118717294
118717391
118717448
118717650
118717707
118717758
118717979
118718274
118718312
118718320
118718428
118718517
118718649
118718843
118718983
118719025
118719033
118719580
118720074
11872018X
118720392
11872052X
118720554
118721941
118722298
118722603
11872262X
118722700
118723499
118723642
118724428
118724789
118724797
118725343
118725742
118725815
118726056
11872620X
118726528
118726552
118726943
118726978
118727338
118727869
118728830
118729225
11872942X
11873038X
11873105X
118731122
118731343
118731386
118731890
118732374
118732420
118732447
118732692
11873282X
118733001
118733141
11873377X
118733834
118734504
11873475X
118735128
118735144
118735500
118735853
118735926
118735950
118736302
118736728
118736787
118737031
118737082
118737627
118738208
118738410
118738550
118738623
118739131
118739670
118739964
118740008
118740709
118741713
118742027
118742361
118742418
118742973
118743627
11874383X
118744453
118744585
118744593
118744798
118744828
118745301
118745425
118746065
11874612X
118746146
118747800
118747975
118748521
118749137
118749560
118749595
118749811
118749897
118749900
118750011
118750178
118750542
118750771
11875081X
118750909
118751867
118751875
11875243X
118752561
118752618
118753290
118753517
118753711
118754319
118754343
118754394
118754408
118754599
118754653
118754688
11875503X
118755129
118755226
11875548X
118755552
118755714
118755722
11875582X
118755838
118756311
118757199
118757601
118757873
11875789X
118758128
118758187
11875839X
118760629
118761943
118762176
118762303
118762494
118763504
118763962
118764187
118764551
118764683
118764756
118765833
118766325
118767267
118767429
11876747X
118767534
118767542
118767755
118767933
118768085
118768239
11876831X
118768441
118768476
118768581
118768786
118768921
118768964
118768972
11876912X
118770004
118770284
118770489
11877056X
118770616
11877090X
11877137X
118771493
118771760
118771957
118772147
118772287
118772473
118773240
118773267
118773305
118773348
118773623
118773852
11877400X
11877414X
118774204
118774271
118774336
118774794
118774921
118775073
118775111
118775391
118775480
11877560X
118775634
118775766
118775782
118775863
118775901
118775944
118776126
118776223
11877638X
118776614
118776819
11877686X
118776991
118777084
118777149
118777165
118777238
118777602
118777688
118777742
118777807
118777920
118777955
11877820X
118778285
11877865X
118778730
118779095
118779133
118779184
118779311
118779354
118779524
118779559
118780026
118780069
118780220
118780255
118780409
118780522
118780557
118780581
118780603
118780611
118781154
118781189
118781308
118781375
118781421
11878143X
118781723
118781847
118781871
11878210X
11878241X
118782428
118782436
118782843
118783076
118783203
118783432
118784005
118784013
118784307
118784374
118784552
118784714
118784757
11878479X
118785028
118785079
118785230
118785273
118785400
118785680
118785702
118785885
118785958
118786075
118786180
118786199
118786253
118786261
118786431
118786598
11878661X
118787047
118787306
118787519
118787608
118788140
118788345
118788523
118788752
118788906
118789236
118789244
118789619
118789791
118789848
118789872
118790072
118790137
118790358
118791141
118791257
11879129X
118791567
118791818
118792156
118792253
118792539
118792555
118792601
11879275X
11879308X
118793306
118793837
118793853
118793985
118794167
118794299
118794302
118794353
118794418
118794469
118794558
118794566
11879471X
118795295
118795317
118795546
118796089
118796887
118796968
118796976
11879700X
118797506
118797956
118798146
118798154
118798561
118798928
118798936
118798952
118799010
118799371
118799509
118799517
11879955X
118801252
118801325
118801422
118801457
118801538
118801899
118802054
118802496
118802550
118802631
118802755
118802879
11880362X
118804154
118804219
118804375
118804383
118804650
118804952
118805517
118805657
118805681
118805789
118805851
118805991
118806130
118806548
118807153
118807161
118807196
118807250
118807277
118807692
118807854
11880815X
118808230
118808346
118808370
118808850
118809466
118809555
118809571
118809709
118809962
118810901
118811037
118811223
118811266
11881169X
118813412
118814044
118814249
118816098
118816942
118818651
118818686
11881897X
118819127
118820621
118821024
118821040
118821210
118821628
118822756
118823035
118823078
118823442
118823868
118825682
11882581X
118826948
118827472
118829106
118829173
118829998
118832433
118832794
118833715
118834835
118834959
118834967
118835289
118835351
118835394
118835424
118835580
118835750
118836161
118836307
118836315
11883634X
118836358
118836927
118837664
118840150
118840452
118841009
118841920
118841963
11884346X
118843990
118844822
118845764
118846922
118847503
118847538
118847546
118848526
118848895
118849255
118850415
118850776
118851659
118851977
118852116
118852124
118852213
118852868
118853805
11885478X
118854887
118855034
118856138
118856901
118856960
118857142
118858025
118859935
11885996X
118860372
118860801
118862588
118862979
118863371
118863533
118863541
118863959
118864106
118864815
118865188
118865609
118865684
118865900
118866257
118867326
118867946
118868306
118868829
118869299
118869302
118869442
118870319
118870874
118870912
118872079
11887280X
118874454
118874462
118874969
118875655
118875663
118876430
118876759
118877380
118877496
118877895
118877909
118878247
118878344
118878921
118880128
11888168X
118881779
118883100
118883658
118883933
118884093
118884107
118884115
118884816
118884891
118885235
11888543X
118885545
11888588X
118886568
118886576
118887254
118888447
118890166
118890549
11889062X
118890638
118890670
118890743
118890875
118890883
11889112X
118893629
118896180
118896229
118898248
118899597
118899627
118901680
118901753
11890289X
118903861
118904418
118904531
118905708
11890714X
11890745X
118907735
118908138
118908618
11890874X
118909177
118910086
118910361
118911937
118911996
11891202X
118912917
118913190
118913840
118914081
118914812
118914847
118917188
118917382
118917447
11891796X
118917994
11891801X
118918168
118918184
118918834
118918842
118919105
118919148
118919164
11891958X
118919652
118919660
118920251
118920626
118920928
118920936
118921088
11892155X
118921592
118922505
118923404
118923692
118923722
118924265
118924532
118924885
118926284
118926802
118928619
118930931
11893094X
118931121
118931482
118931776
118933361
118934163
118934503
118935275
118937359
118937367
118937650
118937790
118937863
118938533
118938975
118939394
118939408
118939440
118939734
11894049X
118940732
118941038
118941054
11894181X
118942956
118943030
118943391
118943774
118944436
118944940
118946536
118947540
118947664
118948644
118948652
11894875X
11894889X
118949756
118950193
118950436
118951114
118951122
118951319
118951688
118952471
118953060
118953915
11895394X
118954067
118954504
118954555
118955039
118955683
118956124
118957260
118957627
11895850X
118958992
118959190
11895976X
118960423
118960644
118961837
118962256
118963147
118964046
11896562X
118966065
118966235
118967460
118967916
118968041
118968157
118968572
118969080
11896979X
118971611
118972650
118973088
118973258
118973649
118974173
118974408
118974742
11897484X
118975099
118975420
118975579
118975773
11897811X
118978195
118978284
118980025
118980939
118982044
118983318
118983776
118983849
118984810
118985655
118985973
11898599X
11898618X
118986481
118986724
118986740
118989138
118989936
118991035
118991647
11899185X
118992236
118992880
118993690
118993763
118993852
11899462X
118995014
118995022
118995049
118995081
118996711
11899820X
118999664
119000008
119000539
119000725
119001446
119002043
119002248
119002523
11900321X
119003732
119004127
119004941
119005093
119005778
119006189
119006499
119006669
119006960
119006987
119007401
119007576
119007819
119008505
11900853X
119008726
119009048
119009056
11900965X
119009706
119009803
119009862
119009986
119010003
119010046
119010097
119010305
119010364
119011239
11901176X
119011778
119013584
119013754
119015277
119016206
119016214
119016222
119016524
119016532
11901680X
119017490
119017857
119018551
119018934
119020777
119020866
119021439
11902201X
119022125
119022486
119024578
119024586
119024705
119025361
119025493
119025809
119029669
119030314
119030705
119030977
119032406
119032740
119033062
119034883
119035111
119035383
119035510
119035677
119036355
119036665
119036738
119037556
119037696
119038161
119038293
119039273
119042541
119042975
119042983
119043211
119043564
119043572
119043688
119043998
119044706
119044730
119045451
119047675
119049252
11904983X
11905339X
119053810
119054698
119055473
119055716
11905647X
119056542
119057077
11905907X
119059193
119059231
119059355
119059614
119059703
119060507
119060590
119060752
119060922
119061198
119061945
119062526
119062763
119063379
119063891
119064855
119065290
11906815X
119068389
119068591
119069261
119069830
119071002
119071010
11907124X
119071606
11907317X
119073234
11907396X
119074672
119075113
119078813
11908029X
119080389
11908399X
119084341
119084368
119084880
119085003
119085216
119085917
119085925
119086395
119086875
119087286
119088789
119089076
119091097
119091186
119092514
119092786
119095165
119096757
119097842
11909892X
119099071
119099128
119099322
119099675
119099802
119099853
119099969
119100320
119101343
11910184X
119102080
119104636
119105683
119106698
119107252
11910783X
119107880
119110016
119110024
119110040
119111098
11911139X
119111527
119112159
119112280
119112329
119112604
119113953
119115190
119115441
119116383
119116510
119118009
119118602
119119390
119120283
119120623
119121328
119121387
119121506
119121514
119121808
119121999
119122081
119122421
119122537
119122545
119122855
11912288X
119123134
119123223
119123916
119123940
119125811
119127601
119127652
119127695
119127709
119127717
119129647
11912971X
119130610
119132443
11913375X
119133911
119135094
119138131
11913814X
119139804
119140055
119140802
119141426
119142406
119142457
119143550
119144239
119144271
119144549
119144980
119146681
119147025
119147033
119148641
119148765
119149397
119149419
119149575
119150034
119150514
119154595
119156040
119156164
119157918
119157934
119159635
119159724
119160048
119160099
119161435
119161508
119161923
119162962
119163187
119164663
119165295
11916681X
119167190
119167239
119167549
11917099X
119172275
119173972
119174030
119174049
119174561
119175606
119176653
119177870
119177978
119178532
119180588
119180731
119181002
119181045
119181479
11918334X
119183366
119183900
119184125
119186144
11918625X
119186322
119186365
119186497
119186535
119188244
119188562
119189151
119189275
119190729
119193701
119196476
119197065
119202417
11920357X
119203588
119206501
119207583
119208261
11920830X
119208946
119209314
119210266
119210568
119211025
119211653
119212323
119216132
11921895X
119220814
119221144
119221187
119222434
119222760
119223295
119224100
119224151
119228831
119229862
119229943
119230801
119231492
119232030
11923226X
119233428
11923517X
119236990
119238470
119239868
119241269
119242125
119244349
119244616
119246635
119249294
119249804
119249901
119251590
119251604
119253933
119255472
119255529
119255936
119255944
119255960
119257025
119258021
119258951
119259265
119262444
119262509
119262878
119262932
119263025
119263475
119263912
119264897
119264935
11926496X
119265052
11926708X
119267632
119267640
119267659
119268752
119268779
119269082
119270404
119271559
11927213X
119273853
119274191
119277557
11927809X
119278227
119278308
119278359
119278898
119279878
119280574
119280655
119281937
119281953
119281961
119282186
119283263
119285452
119285517
11928586X
119286335
119287056
119287439
119288176
119288370
119288397
119288567
119291258
11929138X
119291525
119291614
119293412
11929348X
119296217
119296225
119296349
11929656X
119296675
119296683
119296985
119297582
119298406
119300060
119300435
119301121
119301199
119301989
119302144
119302756
11930418X
119305437
119306476
119307499
11930810X
119308169
119309025
119309912
119309998
119310023
119310066
119310082
119312212
119312247
119312484
119313804
119313960
119314061
119314622
119315343
119316692
119316897
119316994
119317133
119317141
11931715X
119317168
119317176
119317826
119318547
119321203
119322366
119322382
119322390
119322404
119322420
119322463
119322897
119323893
119324768
119326469
119326728
119326736
119327856
119327937
119329751
119330563
119330989
119331128
119333465
119334607
119335034
119335689
119337800
119338106
119339064
119340976
119343118
119343959
119344769
119345323
119345390
119345544
119348047
11934856X
119349469
119351064
119351455
119351641
119352486
119352508
119352931
119353725
119353733
119353792
119354438
11935523X
119355272
119355329
119357437
119358905
119360659
119361116
11936137X
119361418
11936154X
119362112
119362406
119362562
119363062
119364409
119365324
11936610X
119368129
119368323
119368684
119368692
119368706
119368714
119368722
119370700
119370719
119374536
119378116
119378523
119378671
119379821
119380412
119380749
119380765
119383314
119383438
119384035
119384329
119385309
119385724
119385856
119386518
119386526
119386984
11938700X
119387018
119388057
119388472
119389533
119391708
119391732
119392984
119394693
119396289
119397277
11939779X
119400987
119401053
119401061
119401096
119401126
119401177
119402637
119402696
119403463
119404230
119404257
119404532
119405040
119405954
119406772
11940818X
119408961
119409542
119410680
11941077X
119411903
119411946
11941340X
119414082
119417308
119417804
119417812
119419475
11942021X
119421518
119422921
119425580
119425920
119428512
119428970
11942911X
119429292
119430002
119430606
119430959
119431297
119431351
119432714
119433230
119434555
119435950
119435993
119436167
119436744
119441446
119443511
119443732
119443848
119443880
119444623
119444704
119444933
119448009
119448408
119449072
11945002X
119450240
119454351
119455501
11945551X
119455668
119456001
119456052
119456176
119456613
119456664
119458454
11945873X
119458756
119458810
119459078
119465051
119466805
119466848
119466864
119466910
119466945
119466953
119469022
119469049
11946912X
119469693
119469707
119470861
119470896
119470934
119472031
119472805
119472937
119477807
119481448
11948370X
119484226
119484749
119484811
119486725
119487411
11948756X
119490463
119490552
119490781
119491397
119493020
119494353
119495732
119495899
119496550
119497921
119498561
11949924X
119499320
119499819
119500027
119500043
119500132
119500264
119501694
119501716
119501805
119501821
119503662
119503670
119503700
119503816
119503824
119505304
119505339
119507633
119508036
119508125
119509903
119512238
119512572
119513021
119513919
119514729
119514737
119515903
119516624
119518473
119519216
119520001
119522292
119523108
119523442
119523876
119524805
119524872
119524902
119525011
119526786
119527472
119527847
119527995
119528193
119531569
119533219
119534673
119539632
119542269
119543516
119545233
119545438
119545780
119545837
119547074
119549204
119549220
119549239
119549263
119550393
119550628
119551020
11955111X
119552590
119552892
119554887
119555875
119556081
119559854
119559978
119648105
119650967
119692597
119716097
119732769
119824183
120006693
120013665
120021285
12002330X
120051931
120059525
120065827
120065894
120079313
120080257
120080788
12009018X
120131730
120138093
120138921
120138980
120139022
120139057
120160838
120161761
12016485X
120167034
120167123
12016874X
120185695
120191628
120198509
120200953
120204908
120211874
120220644
120236060
120240882
120243148
120252805
120273977
12028572X
120297450
120299526
120327112
12034369X
120346400
120367246
120407663
12040771X
120407795
120407825
120408007
120408058
120408074
120408163
120419548
120427338
120430398
120431238
120436612
120436671
120436752
120436809
120442779
120456052
120457822
120474867
120491761
120528010
120528169
120533405
120538520
120540215
120551365
120560720
12056789X
120577690
120583410
120587173
12061961X
120633728
120652145
120655306
120656914
120659328
12065959X
120665336
120671727
120686562
120697912
120701421
120713039
120716771
120720752
120724103
120729180
120729237
120733684
120734303
12073916X
120747316
120769158
120769913
120770008
120790009
120811588
120814684
120815796
120815893
120820757
120844141
120849615
120852462
120858169
120858576
120862190
12086245X
120874296
120877104
120880636
120888807
120888904
120888963
120889684
120889692
120890038
120890143
120890437
120891204
12089162X
12090327X
120915898
120917068
120927942
120939088
12095110X
120951436
120971127
120984814
120997118
120997657
120998572
121005453
121006883
121041336
121045706
121057682
121058751
121059057
12105974X
121064085
121064344
121064905
121068218
121071006
121071146
121071189
121071235
12107126X
121071456
121080463
121083039
121093824
12109538X
121096572
121097331
121097684
121099571
121120791
12112486X
121137473
121138143
121149072
121149951
121156621
121158586
12115873X
121191974
121193071
121196488
121199398
121204553
121216586
12122144X
121225488
121235874
121244830
121248321
121251152
121253171
121260631
121261158
121262758
121262847
121283968
121297292
121301435
121302490
121302520
121302539
121302547
12130258X
121308308
121313840
121320677
121321541
121336603
121336670
121336794
121347036
121366316
121367037
121384462
121387135
121395545
121397661
121397963
121399486
121409163
121409171
121418952
121419061
12142488X
121438775
121444554
121445437
12144550X
121452441
121452956
121453006
12145407X
12146234X
121463516
121469735
121470709
121490785
121493547
121501205
121501213
121501280
121501299
121502945
121514897
121520684
121535444
121540235
121540243
12155435X
121559165
121572641
121573591
121574032
121579808
121580520
121584151
121585204
121585646
121587932
121588386
12159811X
121599027
121602281
121602605
121608603
121636011
12164992X
121653609
12166032X
121664678
121673936
121677605
121693538
121702286
121720616
121720705
121720721
121720802
121721728
121760251
121760294
12176060X
121764656
121799670
121806642
121807304
12180769X
121810828
121815854
121846539
121849465
121852989
121853705
121861600
121870332
121872513
121877965
121881164
121881865
12188192X
121885852
121885976
121888541
121900274
12191173X
121912760
12192811X
121930238
121930335
121948277
121950921
121963632
121970019
121970485
121978796
12198365X
122002717
122005961
122010604
122011104
122018486
122044401
122044916
12205184X
122057430
122071395
122074262
122075501
122075633
122078691
122081250
122097580
122099842
122109627
122114140
122120884
122122275
12213124X
12213852X
122140567
122145968
122155637
12215567X
122155742
122168941
122169026
122169344
122169425
122186702
122192117
122196503
122197631
122210999
122215621
122216954
122218264
122254678
122254821
122261577
122261836
12226715X
122267923
122294505
122310152
122315073
122325176
122327071
122328884
122348680
122348885
122356306
122359607
122364821
122386973
12239352X
122394704
122395883
12239657X
122397282
122414721
12241487X
122416031
12243854X
12244437X
122445643
122465903
122466047
122488792
122488814
122499093
122505824
122513800
122531329
122548604
122548620
122573501
122584503
122595343
122604113
122604970
122620682
12262162X
122621646
122623142
122630025
122635388
12263540X
122635418
122638077
122638131
122638840
122661672
122662156
122664663
122678761
122685024
122685164
122686896
122693469
122698061
12270018X
122700198
122703898
12270391X
122703979
122704053
122704061
122705122
122728165
122737458
122737512
122762223
122774582
122776526
122777832
122781376
122781570
122783166
122783239
122788346
122800648
122800702
122802381
12280239X
122827147
122834216
122840100
122840313
122844513
122848926
122848985
122849019
122850904
122851153
122869117
122877292
122879228
122887840
12290592X
122912098
122914015
122922980
122927516
122934482
122934881
122944607
122961900
122965299
122965523
122967046
122971841
122978242
122978331
122978420
122979168
122986857
122994205
122995023
123035767
123042844
123055334
123055784
123060311
123062179
123079012
123086272
123092701
123093848
123094550
123112486
123146518
123161460
123162750
123163234
123163919
123163951
123164745
123165415
12316544X
123165687
123166802
123166896
12317659X
123183200
12318617X
123187087
123191734
123210178
123218926
123219841
123225647
123227739
123228786
123245613
123259479
123259908
123261368
123274931
123281954
123282721
123284546
123289491
123293839
123294673
123317673
123328756
123345766
123361761
123361842
123367727
123370019
123373409
123375444
123380502
123384044
123386098
123393116
123418704
123424623
123425387
123426391
123431891
123439299
123447925
123454832
123455707
123469899
123473918
123476992
123477506
123481880
123494591
12350175X
123506204
123520681
123525721
12352766X
123536405
123540682
123541441
123545269
123562074
123566037
123574889
123578345
123578728
123582601
12358339X
123588995
123594081
123594804
123600936
123607167
123609844
123610338
123615615
123626498
123627230
123628342
123633206
123641314
123643155
123643171
123646103
123649234
123654246
123656915
12365758X
123658292
123683637
123713455
12371348X
123716055
123721032
123721466
123721644
123721857
123727812
123728754
123728835
12373083X
123730872
123741874
123748054
123749328
12375111X
123761964
123766893
123768217
123772265
123776228
123788625
123800315
123803195
123808049
123808294
123839289
123841690
123842069
12384889X
123853222
123857775
123859646
12386769X
12387162X
123877822
123878829
123881439
12388179X
123890217
123901898
123906970
123908418
12390921X
123909260
123910587
123911117
123911370
123917786
123919703
123921058
123924774
123925037
123926823
123927862
123928273
123928389
12393091X
123931002
123936063
123936993
123937698
123938252
123939062
123940680
123941067
123942837
123942896
123952239
123954487
123963516
123968453
123968658
123970814
123970857
123970954
123972639
123979730
123980313
123986346
123990475
123994810
123995914
123996066
123997593
123998204
124000118
124015875
124022227
124023592
124041035
12404106X
124041175
124049125
12405384X
124057977
124060331
124063810
124065309
124073921
124074960
124074987
12408673X
124097006
124101461
124117856
124118755
124120385
124125573
12412609X
124133193
124137954
124141374
124142702
124155545
124156266
124156312
124162878
124164781
124164889
124168329
12416952X
124172423
124181473
124187536
124198198
124201792
124203000
124233643
124235662
124240712
124252990
124259480
124263488
124263690
124264581
124264751
12426543X
124265642
124265707
124265952
124268498
124269273
124289819
124293379
124295959
124298923
124324932
124324967
124326501
124326919
124334644
124335853
124339069
124342663
124343414
124343686
124344658
124344690
124344968
12434965X
124350127
124358039
12435808X
124365248
124370039
124373011
124378773
124379923
124381723
124384420
124388213
124393586
124396089
124396690
124396917
124396941
124396968
124405118
124411037
124411568
124411576
124423485
124423795
124431313
124446809
124449867
124449905
124453317
124462103
124470300
124471765
12447747X
124478344
124479936
124485723
124488862
124498698
124502725
124502822
12450289X
124509800
124522785
124523951
124524273
124524540
124524613
124529054
124529550
124533361
124540023
124555578
124556566
124557031
124563929
124567118
124571360
124576621
124582109
124600050
124607950
124609899
124614175
124616836
124621546
124622887
124624200
124625045
124625363
124627927
124627951
12463561X
124646522
124661122
124662153
124663206
124668364
124671136
124671802
124691676
124692923
124698778
124699669
124708412
12471269X
124721680
124725031
124727034
124729738
124729770
124731384
124732720
124739008
124742513
124757898
124767516
124770983
124772773
124785972
124788904
124805698
124824714
124825605
124827721
124841384
124856004
124863582
124868754
124876358
12487889X
124881645
124883575
12488623X
12488928X
124898645
124906869
124916430
124925928
124927424
124938302
12494714X
124947239
124948057
124952356
124953271
124953557
124954022
124969828
12497032X
124970346
12497046X
124974120
124976158
124985378
124988938
124989616
124996469
124999220
125006527
125012330
125990944
125992394
126097429
126224641
12624782X
126368716
126415978
126443688
126557136
126592179
126617961
126624518
126676607
126703019
126793964
126927979
126963665
12704373X
127151176
127158839
12728060X
127408371
127416919
127494529
127497390
12751015X
127587519
12760863X
127657819
127693211
127738118
127859144
127916148
127952098
127959904
127990925
128035714
128061030
128228040
128249544
128348429
12834847X
128352132
128380144
128389419
128390085
128394919
128409096
128409355
128415819
128428031
128429224
128432330
12844097X
128441062
128441178
12845279X
128457236
128460113
128460121
128460156
128471956
128475099
128480343
128482842
12849414X
128504595
128508337
128511222
128511850
12851891X
128521066
128535555
128544163
128544538
128545011
12854743X
128549998
128550562
128553170
128573201
128575700
128575840
12857660X
128576820
128578580
128580399
128585293
128593768
128593857
128605049
128615141
128630930
128631899
128636335
128642343
128643099
128644982
128645121
128651989
128655305
128673281
128676175
128677791
128677945
128678259
128679948
128686138
128687738
128687886
128687991
128688068
128688505
128690615
128693584
128693630
128698144
12870179X
128703989
128704195
128706392
128716088
128723327
128730625
12873065X
128738332
128740205
128741740
128741775
128742135
128750537
128755865
128763396
128768967
128773537
128778458
128778482
128779195
128790776
128808632
128812834
12881926X
128821329
128822481
128825006
128833157
128840900
128842563
128843535
128848014
12884888X
128851902
128857269
128857277
128860782
128861312
128861533
128861614
128861649
128861673
128861843
128870257
128880104
128883472
128889500
128895195
128896329
12889640X
128907053
128907541
128910518
128910615
12891064X
128911026
128911085
128911867
128914661
128931833
128931930
128934174
128941286
128942541
128945621
12894871X
128953632
128957832
128959088
128959584
128959657
128959681
128961422
128974362
128978120
128979305
128987944
128988444
128988762
128988878
128997206
128997281
128998601
12900250X
129008346
129009024
129014893
12901804X
129018201
129018309
129018953
12902984X
129031127
129031135
129037230
129048623
129049603
129049859
129057487
129080861
129087955
129089117
129099023
129102490
129159131
129159212
129185434
129191973
129200395
129204145
129214051
129224170
129226297
129228508
12923074X
129232661
129241571
129246581
129246603
129248665
12926699X
12926704X
129273813
129289833
129290440
12929182X
129292206
129292230
129292311
129293202
12929327X
129302279
129331880
129347906
129351105
129362573
129363391
12937749X
129387304
129387711
129392316
129393436
129422711
129435740
129436186
129436313
129444073
12945706X
12946094X
129462543
12946435X
129464929
129474231
129479845
129480215
129481912
129485209
129485772
129485942
129486981
12949416X
129500577
129502693
129519502
129520039
12952994X
129530425
129557005
129566446
12957385X
129574937
129583359
129591467
129596256
12959895X
129604682
129605360
129623644
129625353
12963414X
129635294
129635340
12964594X
129653128
129655910
129655988
129663778
12966457X
129675334
129680788
129690481
129690678
129698857
129707899
129713066
12972260X
129725013
12972906X
129733474
12973957X
12973960X
129740446
129759147
129762571
129773751
12977524X
129798703
129809802
129809942
129810177
129815926
129834661
129848565
129851574
129854638
129855677
129867144
129871559
129884820
129891843
129894311
12989432X
129894834
12989592X
129917583
129926396
129930652
129945188
12994839X
129948748
129958816
129975605
129979058
12998308X
129988863
129996521
13001396X
130014737
130019488
130048615
130053007
130054518
130067229
130072109
130080233
130088730
130089060
130097675
130102830
130112933
130114146
130116653
13012110X
130126594
13012723X
130129860
130132470
130136247
13014455X
13014505X
130145424
130147001
130147206
130153478
130158224
130165433
130168203
130169439
130169676
130170100
130170399
130175773
130178837
130183954
130203920
130205591
130205648
130206164
130208841
130214566
130217549
13022295X
130233986
130234052
130234842
13023804X
130254029
130255572
130256277
130256897
130284858
130286532
130294608
130314854
130319619
13031997X
130325449
130344885
130362670
130362832
130366072
130366633
130374202
130426415
130437751
130453226
130472115
13047486X
130497746
13049786X
130500755
130509892
130510955
130511730
130511781
130523054
130531324
130533696
130537136
130544841
130556106
130567892
130571172
130583537
130584681
130590762
130591254
130595845
130610305
130613592
130614521
130616591
13061744X
130618667
130624675
130628743
130635642
130635812
130636568
13063672X
13063834X
130644382
130652806
130655643
130658081
130661570
130673129
130679038
130685976
130792551
13081234X
130814970
130825808
13082738X
130840106
130860506
130861499
130865486
130866784
130881058
130881082
130885274
131358685
131368311
131371037
131396315
131400614
131403850
131408992
13141321X
131423614
131457152
131457160
131461869
131486233
131498762
131502999
131503502
131521195
131533479
131542893
131547798
131554921
131559990
131560158
131575864
131597558
131598589
131609149
131611925
13162847X
13162976X
131640127
131642049
131654926
131660845
131661795
131699865
131705989
131709720
131712705
131738259
131739859
131747568
131755528
131760718
131765833
131769936
131770004
131770217
131844415
131845586
131863169
131867482
131891618
131895044
131901958
131902229
131910337
131929062
131942522
131965719
131967983
13197162X
13197629X
131977210
131980904
131991701
131992759
132001225
13200867X
132018446
13202201X
132024519
132030497
13203591X
132044099
132056895
132061600
132086794
132092301
132100738
132101394
132117991
132121204
132122936
132124408
132126230
13213330X
132134055
132147904
132149133
132156776
132168413
132173921
132199394
132205955
132208474
132208644
132234165
132242567
132242605
132256673
132268779
132291231
132293412
132299852
132311232
132337533
132372126
132373157
132374684
132379457
132383470
132400421
132402130
132403293
132416301
132418320
132420872
132466848
132466856
132469871
13247722X
132481936
132498057
13249826X
132499630
132507811
132512130
132515024
13251608X
132522306
132522942
132531151
132535122
132569302
132570580
132570602
132572710
132578492
132594315
132594439
132598361
132617153
132617412
132618796
132619261
132625814
132634732
132638347
132640112
132649241
132697955
132700107
132711044
132716135
132722313
132722496
132724065
132734982
132755661
132759578
132770903
132780992
132796376
132796511
132800454
132800497
132813629
132814900
132834014
132858444
132903423
132924730
132938561
132946564
132947161
132947528
132949601
132978296
132999080
132999781
133002756
133012247
133012328
133028666
133031926
133038777
133048047
133048101
133048209
133053830
133054292
133054314
133054454
13307093X
133117871
13313072X
133140601
13314478X
133145271
133160297
133161773
133166821
13317199X
133205231
133212602
133213609
13323942X
133287181
133293130
133296989
13329868X
133316602
133318052
133328260
133343871
133346102
133346757
133347133
133348474
133348741
133349063
133355268
133359409
133359794
133360008
133360148
133363457
133365573
13336920X
133377466
133377601
133418715
133420817
133436845
133442152
133464490
133466477
133467589
133478009
133478572
133482812
133534812
13353541X
133536351
133539202
13353961X
133551164
133555143
133556182
133563030
133575969
133580814
133583708
133592200
133612775
133615413
13361767X
133643514
133645606
133650707
133651177
133653447
133659631
133661482
13366578X
133678571
133714918
133729702
133760324
133769275
133779009
133831914
133843750
133872866
133882918
133882993
133912027
133920380
133946460
133949486
133992314
133995801
134000358
134004388
134011163
134019199
134021436
134026039
134026578
134041011
134041895
13406920X
134077563
13407761X
134093380
134095200
134106210
134108051
134108493
134110358
134113195
134121481
134125665
13416766X
134169913
134186400
134187091
13420221X
134208102
134216210
134228332
134246152
134255348
134271378
134311329
134311566
134312074
134316819
134321332
134322525
134322827
134325109
13432546X
134325931
134328043
134329279
134330021
134330730
134331044
134331125
134333179
134333268
134335120
134337220
134342860
134342992
134343441
134344529
134345002
134346211
134346653
134349091
134349512
134350685
134350952
134355989
13436094X
13436547X
134367960
134368142
134371151
134371941
134375394
134376579
134376609
134378598
134379128
134380886
134382153
134382331
134384032
134384938
134386760
134388801
134389255
134389484
13439075X
134392000
134393902
134400984
134402456
134404092
134405366
134411447
134412664
13441974X
134428048
134430131
134430468
134434730
134445058
134446550
134448219
134449436
134452798
134453387
134458893
134459164
134460162
134468988
134470435
134471792
134474929
134474937
134477863
134478444
134479289
134479599
134480368
134480759
134482409
134482689
134484320
134484886
134485211
134488970
134494741
134495535
134503821
134504976
134505808
134508211
134510380
134510712
134511069
134511239
134516001
13451789X
134521927
134524195
134535383
134541898
134543297
134545249
134546857
134547381
134552091
134558286
134563204
134566297
134567587
134568591
134569296
134571975
13457303X
134574079
134574729
134576721
134579321
134579690
134584287
134586573
134586654
134587928
134588355
134591240
134591593
13459195X
134592395
13459293X
134595947
134596269
134600118
134606833
134607392
134607422
134609557
134611039
134611306
134611403
134611624
134613023
13461660X
134616707
134617002
134618890
134619501
134619560
134619587
134619595
134620046
134620844
134623703
134623711
134624165
134624823
134625080
134628608
134628659
134628713
134628918
134633547
134634098
134634209
134636244
134636716
134636805
134638069
134638220
134640896
134640926
134644727
134644786
134652045
134654064
134654072
134656679
134663748
134663810
134663829
134665627
134670930
134672097
134672275
134674065
134674162
134674529
134675096
134676084
134676882
134678338
134678850
134679407
134679989
134681541
134681576
134683714
134684354
134691261
134691946
134694716
134695801
134697936
134698886
134706021
13471153X
134714148
134714733
134717899
134717929
134718755
134721691
134723759
134725786
134726294
13472870X
13472903X
134729455
134731778
134734815
13473680X
134736869
134736885
134737822
134737989
134741919
134742710
13474280X
134745426
134749308
13475395X
134753968
134756908
13475994X
134762738
134764641
13476482X
13476692X
134767985
134768841
13476885X
134770870
134770889
134772628
134774639
134775279
134775333
134781236
134783549
134783689
134784979
134784987
134785045
134785096
134787633
134788478
134791169
134793870
134794052
13479432X
134794400
134797752
134799291
134800524
134801784
134801806
134801814
134802802
134803353
134807065
134809424
134815076
134819047
134822013
134822412
134826140
134828100
134829069
134830326
13483111X
134831918
134831950
13483240X
134833198
13483321X
134835034
134835042
134835948
13483643X
134836448
134838378
134841298
134842359
13484467X
134845625
134845633
134845641
134845943
134848136
134848233
134848861
13484890X
134852028
134852303
134856015
134857623
134859626
134863267
134863941
134864093
134864239
134865057
134866304
134868226
134869184
134870077
134871103
134875990
134876008
134878442
134880064
134885031
134885376
134885872
134890949
134894510
13489717X
134898559
134900871
134902025
134902033
134907906
134910540
134910591
134912519
134914813
134919734
134924924
134933753
134935489
134940229
134940784
134941810
134942361
134942426
134943260
134945239
134945921
134948017
134952049
134960483
134960939
134960963
134961366
134962338
134966686
134968328
134969286
134970780
134971876
134972147
134972325
134979869
134984072
134984129
134985435
13498787X
134990218
13499454X
134998006
134999932
135000742
135008123
135008220
135008719
135012031
135012716
135013356
13501378X
135013852
135014549
135015146
135020689
135021685
135028337
135032067
13504295X
135043549
135044553
135045347
135054613
135056748
135059291
135059887
135063019
135067359
135067782
135077060
135080770
135087384
135092965
135094739
135098254
135098262
135103177
135114896
135129060
13512946X
135130042
135132029
135135702
13514289X
135142911
135144930
135144949
135144957
135145554
135153670
135155223
135173906
135175372
135187419
135193036
135205263
135208300
135209870
135222990
135224462
135236819
135237262
135242630
135243017
135251664
135252725
135266262
135266394
135266777
135278155
135279380
135280281
135280303
135280354
135280885
135281326
135289300
135290287
135291240
135294835
135301734
135303338
135307295
135307538
13530783X
135310318
135313546
135313732
135316855
135319803
13533070X
13533182X
135341787
135341973
135343399
135347203
135347343
135349605
135351022
135353920
135356938
135359198
135361265
135365120
135366313
135367107
135372194
135375800
135377439
135378346
135380561
135381355
135387620
135387647
135388929
135402611
135407915
135411084
135417201
135417414
135417600
135419875
135423686
135425409
135428963
135429714
135432987
135434297
135436575
135438721
135442281
135443660
135445523
135446104
135447224
135447240
135459354
135461820
135464099
135465273
135467896
135468949
135471354
135472385
135477573
135482240
135483123
135486408
135490669
135495539
135497965
135499895
135503132
135517907
135518040
13553898X
135546605
135553857
135614279
135620430
135634679
135648769
135662710
135672503
135702941
135723302
135725178
135729513
135746604
13575707X
135772559
135798442
13581300X
135850754
135858860
135870577
135875374
135892309
135904498
135906210
135906229
135910781
135913128
135920558
135922194
135955661
135959292
135966388
135971594
135994101
136025579
136054633
136085261
136087884
136101380
136137512
136160115
13616059X
136193110
136259928
136261558
136263879
136328008
136334873
13633508X
136427316
136429777
13643228X
13647490X
13653922X
136542123
13654309X
13656951X
136575005
136594611
136599958
136599982
136659837
136761887
136796982
136869890
136872816
136957765
136960715
136970761
136977626
13701158X
137029837
13702990X
137031262
137079974
137088159
137101759
137108591
137187904
137192711
137194102
137199813
137213352
13723614X
137237286
137274688
137329202
137333110
137335598
137375468
137412533
137425023
137446713
137450753
137452241
137459556
137492332
137492758
137504535
13751266X
137554788
137568312
137614861
137623925
137624034
137641338
137645899
137651775
13765247X
137655959
137664737
137668406
137670850
137670869
137673086
137673116
137682093
137683391
137683723
137685491
137687591
137694938
137695098
137706537
137815662
137819072
137861001
137924437
137971508
137986998
137991517
138003637
138042217
138093288
138118280
138151938
138175330
138177872
138222525
138229031
138238650
138243549
138251037
138287546
138334226
138334277
138334986
138342326
13834907X
138376611
138386145
138399905
138403899
138412316
138442762
138493693
138543534
138559848
138561613
138571694
138582475
13861900X
138638454
138673276
138689644
138695377
138698341
138720290
138745994
138749655
138795355
13885646X
138878021
138883238
138885990
138892563
138897255
13891723X
138934436
138973970
138974004
139000100
139011609
139092218
139127046
139148841
139150013
139171363
139183507
139185224
139185232
139230076
139242511
139247130
139256881
139257497
139285008
13930147X
139316744
13932271X
139330232
139360948
139404937
139426809
139432973
139447644
139521631
139557032
139580832
139588167
139615482
139625038
139625143
139639764
139652604
139652698
139659498
139666486
139670696
139683941
139684026
139727930
139733590
139803033
139857842
139879366
13988551X
139944850
139957359
139963359
140025065
140025790
14002705X
14003563X
140049363
140050205
140057862
14010125X
14012683X
140130772
140139540
140153519
140195149
140195262
140203931
14021643X
14021934X
140237771
140239316
140241981
140244034
140293213
140297839
14035770X
14036451X
140371664
140372717
140388540
140391339
140442553
14045084X
140466959
140470239
140472983
140473521
140522263
14052990X
140531823
140533435
140550542
140571396
140594981
140612807
140644873
140699147
140703136
140716246
140724702
140741100
140790845
140797513
14080465X
14081096X
14082698X
140828834
140831711
140836357
140854967
140858571
140909249
140911553
140936289
140956174
141034211
141040874
141059559
141075724
141131772
14115425X
141182490
141206330
141232714
141233648
141233869
141266511
141295694
14129776X
141299215
141303743
141307757
141311576
141320451
141339357
14133956X
141352086
141356936
141361611
141367954
141381507
141382708
141419571
141432683
141494131
141498641
141524367
141535547
141539690
141540052
141605952
141628758
141637420
141640650
141681276
141685204
141701552
141742380
141779802
141812095
141841206
141843322
141845457
141890258
141894407
14190559X
141943866
141955279
141967560
141982896
14199049X
142060089
142071099
142072443
142076252
142083518
142098922
142128465
142138940
142139025
142139289
142156019
142187674
142198927
142203653
142209406
142211834
142247839
142252573
142282804
142283525
142286257
142289000
14230929X
142325651
142330043
142339474
142382736
142389501
142520047
142552054
142574783
14258388X
142592471
142649503
142679259
142684554
14269276X
142698385
14269875X
142748447
142750670
142751758
142794724
142795887
142796697
142840068
142882690
142884987
142892165
142917664
142940623
142940879
142946125
142946206
142954160
142954446
142957852
14300977X
143023446
143047183
143076515
143098632
143121901
143139002
143139061
143151940
14316418X
143164635
143173685
143174568
143183060
143199838
143280643
143344498
143344986
143346016
143372661
143377914
143428160
143439588
143458841
143498991
143501488
143549812
143641336
14364260X
143662074
143666991
143685333
14368700X
143696742
143697803
143722778
143746480
143754009
143792717
143833286
143896466
143906437
143920529
143938207
143964658
144029170
144033372
144043211
144055465
152324003
152725377
156828022
15796857X
158771680
159634083
15993933X
16010873X
160221722
171451007
171958500
171998235
172000556
172018056
172025915
172029937
172032113
172041325
172049717
172085993
172092728
172118654
172127378
172172446
172215412
172216036
172253535
172257662
172286832
172414474
172477891
172488796
172544866
172563038
172574021
172612705
172664667
172672694
172697980
172777674
172798396
172826977
172916402
172950325
172970849
17297397X
173054323
173100600
173127916
173127932
173161715
173161723
173187013
17323125X
173243126
17328633X
173597998
173599303
173741223
173743633
173770916
173809537
17380960X
173828949
173857248
173860087
173860486
173867898
173868762
173888232
173922481
17393711X
173962815
173973191
173993400
173993451
173998992
174000405
174028725
174029950
174046642
174046731
174047894
174054742
174066287
174068131
174073453
174076339
17407641X
174076614
174076622
174076770
174080492
174105452
17415903X
174353006
189580232
2126672-4
300000421
30000320X
300003218
300003250
300003633
30000527X
300005369
300005377
300005393
300005407
300005415
300005423
300005431
300005652
300005725
300006209
300006403
300006667
300006764
300006780
300006799
300006829
300006837
300006845
300006853
300006861
300006888
300006926
300006969
300006985
300006993
300007019
300007108
300007132
300007167
300007175
300007221
30000723X
300007256
300007264
300007272
300007280
300007329
300007361
300007396
300007450
300007469
300007515
300007523
300007590
300007612
300007655
300007663
300007701
300007752
300007760
300007779
300007841
300007876
300007884
300007922
300007930
300007949
300007957
300007965
300007973
300007981
300008007
300008015
300008031
300008058
300008066
300008074
300008082
300008104
300008112
300008120
300008139
300008147
300008171
30000818X
300008198
300008201
30000821X
300008228
300008244
300008252
300008260
300008287
300008295
300008309
300008333
300008341
300008384
300008406
300008430
300008449
300008473
300008481
30000849X
300008503
30000852X
300008538
300008546
300008562
300008597
300008619
300008627
300008635
300008643
300008651
30000866X
300008678
300008686
300008694
300008724
300008732
300008740
300008767
300008783
300008791
300008805
300008813
300008821
300008848
300008864
300008872
300008899
300008902
300008910
300008953
300008961
300008988
300009003
300009011
300009046
300009054
300009062
300009070
300009089
300009097
300009100
300009127
300009135
300009143
300009151
30000916X
300009178
300009194
300009208
300009216
300009224
300009240
300009267
300009283
300009712
300009755
300009798
300009879
300009976
300010001
300010028
300010354
300010370
300010400
300010443
30001077X
300010842
300011113
300011539
300011547
300011555
300011563
300011571
30001158X
300011598
30001189X
300011903
30001192X
300011938
300011962
300015003
300015186
300015194
300015305
300015348
300015453
30001547X
300015488
300015496
30001550X
300015542
300015755
300015798
300015895
300015925
300015933
300015941
300015968
300015976
300015984
300015992
30001600X
300016026
300016034
300016042
300016050
300016107
300016158
300016336
300016352
300016360
300016379
300016387
300016409
300016417
300016425
300016433
300016506
300016522
300016557
300016573
300016581
30001662X
300016638
300016646
300016662
300016670
300016697
300016719
300016727
300016735
300016786
300016794
300016808
300016824
300016832
300016840
300016859
300016867
300016875
300016883
300016891
300016999
300017057
300017065
300017073
300017081
30001709X
30001712X
300017146
300017448
300017626
300017634
300017790
300017855
300017928
300017987
300019130
300019157
300019181
300019254
300019270
300019289
300019319
300019351
300019416
300019432
300019459
300020724
300020872
300020910
300022786
300022794
300023413
300024770
300024797
300024975
300025084
30002567X
300025696
300025726
300025742
300026692
300026862
300026897
300027044
300027052
300027109
300027125
300027192
300027214
300027230
300027354
300029497
300029594
300029608
300029705
300029713
30002990X
300029934
300029942
300029950
300029977
300029985
300029993
300030010
300030029
300030088
300030126
300030134
300030142
300033389
300033435
300033478
300033524
300033877
300033966
300034148
300034199
300034741
30003539X
300035454
300035616
300036744
300036787
300036809
300036876
300036922
300037090
300037635
300037643
300037678
300037724
300037864
300037880
30004173X
300041829
300041896
300042175
300042205
300042248
300042302
300042566
300042752
30004531X
300045638
300045700
300045816
300048114
300048122
300048866
30005324X
300053908
300057830
300059949
300059957
300060084
300060114
300060203
300060254
300060327
300061099
300061234
300061250
300061307
300064055
300064306
300064381
300064578
300064624
300064705
300064764
300064799
300064837
300065175
300065280
300065388
300065515
300065655
300066317
300066651
300069170
300069243
300069626
300069677
300069685
300069693
300069707
300070071
300070136
300070152
300070160
300070179
300070195
300070209
300070217
300070225
30007025X
300070268
300070292
300070306
300070314
300070322
300070357
300070365
300070446
300079117
300088981
300090757
300093098
300094787
300094868
300094884
300097018
300097832
300097840
300097905
300098006
300098014
300098073
300098197
300099975
300100035
300100116
300100140
300101392
300101821
300102194
30010233X
300102488
300102496
300102658
300102666
300102674
30010300X
300103069
30010412X
300104200
300104286
300105800
300105967
300106904
300107102
300107153
300107188
30010720X
300107323
300107331
300107420
300107803
30010782X
300108001
300108192
300108222
30010829X
300108397
300108508
300108664
300108699
300108796
300108842
300108850
300108869
300108907
300108915
300108923
300108931
30010894X
300108966
300108974
300108990
300109008
300109016
300109024
300109032
300109040
300109059
300109075
300109083
300109113
30010913X
300109148
300109156
300109296
300109466
300109520
300109547
300109555
30010958X
300109598
30010961X
300109644
300109652
300109717
300109784
300109806
300109849
300109962
300110200
300110227
300110278
300110316
300110367
300110421
300110464
300110499
300110553
300110561
300110588
30011060X
300110634
300110669
300110693
300110723
300110731
30011074X
300110758
300110766
300110774
300110782
300111037
300111045
300111053
30011107X
300111088
300111096
300111118
300111126
300111134
300111150
300111169
300111177
30011124X
300111282
300111304
300111339
300111363
300111401
300111665
300111703
300111762
300111789
300111827
300111851
300111932
300111959
300111967
300111991
300112068
300112793
300112904
300113056
300113064
300113943
30011527X
300115296
300115342
300115350
300115474
300115571
30011558X
300115598
300115644
300115695
300118465
300120699
300121555
300121792
300122098
300122381
300122470
300122616
300122950
300124112
300124244
300124562
300124597
300124678
300125143
300125232
300125275
300125399
300125755
300126964
300127820
300128916
300128940
300128959
300128983
300130988
300132484
300132514
300132573
300132611
300132662
300132891
30013360X
300133731
300133863
300133928
300133936
300134010
300135041
300135645
300139152
300140290
300140320
300140541
300140576
30014153X
300141742
300142110
300142242
300142250
300142420
300144350
300144385
300144415
300144474
300144563
300144571
300144660
300144709
300144725
300144822
300145055
300145098
300145802
300145845
30014587X
30014590X
300145918
300145950
300145969
300146469
300146477
300146485
300146493
300146507
300146671
300146787
300146876
300148321
300149573
300152132
300155042
300155166
30015528X
300155581
300156146
300156693
300159099
300159765
300162634
300162677
300165145
300165277
300165722
30016579X
300165838
300165927
300165951
300166028
300166192
300166222
300166508
300166907
300166974
300167997
300169736
300169868
300169949
30016999X
300170084
300170165
300170238
300170548
300171447
30017148X
300171765
300171846
300174837
300176910
300178727
300179332
30017957X
300186150
300189559
300189567
300190166
300190700
300190719
300191359
300194773
30019711X
300197349
300197462
300199511
300204744
300205562
300205651
300205988
300206070
300206720
300208189
300211554
300213255
300214197
300216084
300220189
300220278
300220332
300220391
300220642
30022236X
300222440
300222459
300223390
300223560
300225792
300229356
30023161X
300231628
30023466X
300235313
300238282
300241399
300241534
30024200X
300242972
300245211
300245394
300245637
30024763X
300250134
300252226
300252749
300253478
30025945X
300260423
30026108X
300264623
300265182
300265220
300269382
300269439
300271638
300272529
300279485
300284241
300287429
300290500
300290640
300292511
300293550
300295367
30030112X
300305699
300305885
300306075
300306091
300306105
300306296
30030708X
300309511
30031180X
300312008
30031583X
30032572X
300342268
300346557
300349270
300358210
300358369
300358946
30036248X
300380143
300391862
300397178
300400357
300406266
300422768
300424744
300425902
300430892
300431929
300434243
300434693
300460716
30046360X
300465394
300465408
300475195
300476302
300481128
300484135
300484615
300485522
300488602
300495668
300512376
300513518
300521111
300525079
300530501
300533896
300540817
300560044
300560133
30057150X
300571755
300592299
300610890
300629400
300638345
300646909
300647042
300647808
300654294
300654308
300659504
300668902
300686439
30069170X
30069315X
300694342
300695799
30069590X
300704437
300724330
300746423
300747373
300747381
30074739X
300747640
300762763
300763417
300765533
300781407
300787448
300808186
300808208
300808224
300808232
300808240
300808267
300815891
300817274
30082016X
300826613
300834497
300842015
300842023
30084798X
30085093X
300853033
300855486
300856784
300868065
300870116
300894112
300894120
300896182
300896468
300898363
30090617X
300906501
300911106
300917236
300918984
300920970
300922396
300923708
300933398
300942451
300956495
300966261
300971672
300972776
300979797
300981236
300981767
300986998
301006148
301007470
301008663
30101146X
301021325
301021678
301025274
301030723
352337907
38146282X
4204226-4
4207320-0
4234706-3
4243948-6
4247025-0
4284287-6
4292686-5
4346445-2
4349652-0
4378443-4
4390758-1
4399716-8
4417835-9
4418042-1
4418076-7
4420477-2
4424921-4
4426034-9
4428204-7
4458131-2
4462324-0
4484771-3
4486105-9
4493513-4
4508112-8
4530309-5
4530311-3
4530312-5
4530314-9
4530316-2
4530321-6
4564138-9
4578913-7
4658394-4
4661153-8
4667404-4
4675429-5
4688606-0
4689800-1
4703107-4
4707435-8
4716197-8
4716762-2
4718195-3
4748691-0
4764437-0
4765662-1
4825553-1
5038978-6
5142877-5
5192750-0
5530357-2
6107105-5
7549211-8
7561954-4
7561958-1
7573752-8
7579951-0
7588165-2
7598395-3
7599028-3
7607777-9
7634740-0
7649471-8
7666660-8
7667334-0
7667335-2
7672605-8
7701699-3
7707024-0
7731144-9
7753860-2
7755069-9
7755189-8
7858837-6
813357-8
