
#FORMAT: BEACON
#PREFIX: http://d-nb.info/gnd/
#TARGET: https://lebenswelten-digital.bbaw.de/register/personen/detail.xql?normid=http://d-nb.info/gnd/{ID}
#FEED: https://lebenswelten-digital.bbaw.de/register/personen/beacon.xql?type=all&authority=gnd
#CONTACT: neubert@bbaw.de
#INSTITUTION: Berlin-Brandenburgische Akademie der Wissenschaften
#NAME: Lebenswelten, Erfahrungsräume und politische Horizonte der ostpreußischen Adelsfamilie Lehndorff vom 18. bis in das 20. Jahrhundert
#UPDATE: May 2020 

118646850
116257733
118644890
118645110
117762911
136025188
138631182
129625760
116371196
116377658
116377666
116377674
135862493
18027211X
135862809
133429717
116115343
119435659
116160071
132306875
104209119
118663542
11851167X
118511882
116209356
119294796
118852302
116215585
118586408
139772626
12282704X
116248130
135552923
118662481
118637673
11853596X
104173343
122206975
1028254261
135613086
119007754
1070828033
124753906
133431827
1034658336
135655528
117066621
118668005
118840517
118666711
11942293X
116456590
116505907
11852111X
128661399
12988085X
118907417
117664731
116776730
118671030
116041749
116170964
118892851
121329968
116171022
116170972
116171065
118892851
135940958
133434745
102679191X
118670832
137475578
135696658
116157410
137081847
116256729
104335262
116424974
135910331
104114150
119178931
118531352
135935172
118683020
118685899
116408626
135964725
123504988
1025283902
118687239
135988764
119353210
11864064X
118816829
1024679128
116542055
118538705
118539957
118695797
11674796X
136094821
118540157
118696475
119258862
136045065
118827979
116809027
119193825
118690450
13743488X
135932637
116657022
1027108822
100291716
161106749
116747021
117520543
118560271
136025552
116813210
118551264
118551655
118706314
1017957053
100127495
117012017
118554190
117049107
118554700
100295622
137645511
117212822
117028487
136169163
11910007X
119017202
118559796
118891502
118721577
123069718
117512206
172188369
11622004X
11627493X
118724169
136110819
1044977469
118715143
116342684
119193310
11872469X
116591021
116955376
119047365
118726463
118726617
116753773
11762621X
122701852
133523624
118571133
136601774
118571125
123768101
138664226
124730752
118571613
118572245
119328380
130626945
119430924
118780344
117247413
117259225
118780670
117282405
117302287
116735996
128407352
129410616
118578472
137396600
118731998
12190251X
104224282
116862297
116876212
131839268
117081051
118583387
118784811
118534556
117172839
115547401
116897678
123777135
117057215
136033636
119357550
118577867
118592904
115741208
118792113
120875683
1026888611
130425737
1026905818
119475979
118741497
119258447
118501577
1050543610
118648659
118651102
11883231X
119120674
118688634
1018466282
117505471
121733394
118822837
118535730
118535749
118535668
11869362X
118535986
118535994
119259745
11853596X
129202193
11870978X
118729225
118575155
119259737
118798022
118626868
130472158
118535978
118632892
142811424
119259745
11877185X
139237445
104110538
116314338
11768600X
11859768X
115548149
118812661
104377674
116374594
117695270
1193633435
133622797
104245565
140540229
13806072X
118501852
118688642
118560565
118864513
119147793
118739549
118592955
118740180
118584146
130226238
132961679
118804928
118606115
124127088
118607855
117323772
117329010
139581995
117329088
11860841X
104086793
119048981
137186169
118610007
1030010897
118610473
138197431
117045470
119048981
117099023
1014415764
1014415969
117160180
118611240
118611275
11733295X
118535803
118560174
131591754
121236978
1013011724
117462802
117443336
1147650292
11747567X
117398020
4000464-8
11721616X
118642537
118617273
117262692
118992864
118618393
117286400
118618555
118619411
117354732
118619667
118757997
117247448
117250686
1028603045
118621513
129836842
118801937
117341037
118622897
118623834
117414301
117321516
1012714470
117472387
118627813
118805754
118770640
118628658
139094474
128788712
139095160
1027691218
117206989
1019460180
118767208
121284638
117409782
1051215366
117753416
132356716
11933075X
117227617
120310805
118826034
118772325
118808362
101847629
117008664
