#FORMAT: BEACON
#PREFIX: https://d-nb.info/gnd/
#TARGET: https://datenbank.museum-kassel.de/?gnd-p={ID}
#FEED: https://datenbank.museum-kassel.de/gnd-p.txt
#INSTITUTION: Museumslandschaft Hessen Kassel (MHK)
100000649
100008542
100010113
100013376
100014704
100015999
100029752
100041558
100050565
100065252
100076262
100081746
100090249
100092624
100098355
100122973
100148743
100194109
100198376
100205291
100214177
100235441
100238750
100239145
100265901
100295622
10029717X
10030673X
100310923
100316247
100318169
100318347
100321828
100339832
100347320
100349137
100389856
100413404
100437338
10044220X
100442234
100454372
100455840
100457983
10047215X
100480500
100626734
100636160
100655378
100685714
100709966
100718337
100730019
100736416
100755089
100804500
100811833
100811957
100858457
100893805
100940439
100943101
100946593
100952127
100952186
100955835
100971784
100973698
101019343
101026641
101052677
101053037
101053800
10105548-1
101063024
101081715
101093713
101102887
101102917
1011277433
1011425661
1011425890
1011432501
1011438984
1011439999
1011449528
1011451050
1011520583
1011544970
1011545292
1011603721
1011659557
1011811340
1011829029
101183068X
1011847108
1011850419
1011972093
101206003
101211376
1012271773
1012278735
1012284255
1012318753
1012522571
1012523381
1012538486
1012618994
1012656993
101300239
101331169
101335740X
1013371127
1013609514
101366221
1013682777
1014191688
101423004
101423209
1014423724
101449674
1014513413
101453089X
101453124
1014564441
1014636493
1014809509
101488971
101490119
101508298
101510116X
1015212522
1015287913
1015325521
1015469086
101656354X
101681206X
1016972369
1017076367
1017139512
1017151024
1017152535
1017249369
1017249733
1017256470
101753540X
10175454-1
1017637903
1017703205
1017759618
101781144X
1017912343
1017917434
1018248242
101842668X
1018477152
1018503072
1018616411
1018711317
101877761X
1018867104
1019160497
101916582
1019244313
1019323906
101963202X
1019724692
1019725354
1019726164
1019726504
1019726512
1019726741
101972837X
101972871X
1019729341
1019729627
1019730072
1019730145
1019730641
1019730676
101973082X
1019737085
1019738162
1019738456
1019739126
1019739614
1019740418
1019741066
1019741848
1019741864
1019741872
1019742607
1019744995
1019745320
1019745339
1019745568
1019745754
1019745797
1019746106
1019746467
1019747099
1019747137
101974734X
1019748850
101975057X
1019751576
1019755636
101975589X
1019756551
101975799X
1019758023
1019758112
101975849X
1019758988
1019759607
101975964X
1019760443
101976242X
1019763450
1019763884
1019763965
1019764341
1019764376
1019765135
1019765399
1019765453
1019980869
1020043601
1020051663
1020053550
1020054220
1020054441
1020091762
1020174943
1020250755
102035202
102035229
1020480955
1020751975
1020853964
102104395
102109028
102111014
10211790X
102119538
102119651
102119686
1021205516
1021206814
1021212628
102125880
10212809X
102141126
102222681
102259704
102285977
1022868489
102305617
102324115
1023324342
1023341514
102334331
1023504030
1023566761
10235913X
102367604
102373892
1023804123
1023825341
102384348X
1023858088
102387443
1023911299
102402132
102408653
1024101002
102417296
102420605X
1024253732
102425728
1024264971
10242716X
102427178
102427186
102427216
102427224
102430896
102431108
102435146
1024379248
1024385965
102440174
1024430561
102446148
102447748
102448341X
1024521389
102454795
102456372
102458979
102460442
1024714195
1024716406
1024720365
102472610
102473447
1024758052
102476241
1024779955
102479135
1024794407
102479844
102481784
1024836061
102485681X
1024871665
1024921670
1024948862
1024988333
102500363
102508569
1025125169
102518998
1025209524
1025227832
1025232992
102524475
1025308476
1025376609
102543534
102550018
1025643178
1025647750
1025653254
102565692X
1025659961
1025666860
1025667328
1025682106
1025703472
1025857712
1025900138
1025913655
102605382X
1026109531
1026154294
1026215439
1026721776
1026800900
1026812992
1026818257
1026861225
1026899818
1026994748
1027021085
102702968X
1027069584
1027093574
1027160794
1027161553
1027162576
1027166229
1027171605
1027176771
1027294367
1027303285
1027332927
1027345832
1027554172
1027583458
102758506
1027782647
102783012
102787954
102822514
102833729
102837422
1028950578
1029095175
1029473684
1029509174
1029908850
1030074208
1030160929
1030442193
1030485380
103049391X
103085297
103085432
103091432
103102701
103105166
1031142215
103115781
1031164529
1031176209
103117660
1031177264
1031177477
1031179305
1031180230
1031198571
1031261699
1031330887
1031409092
103143556
103148272
1031886192
1031935061
1031943609
1031950737
1031985883
1032012730
1032163305
1032280573
1032302550
103230569X
1032364513
1032374217
1032515686
1032517425
1032519460
1032521872
1032523476
1032896361
1033204714
1033378852
1033621811
1033650242
1033657360
1033668532
1033723738
1033766402
103380634X
1033833665
1033922900
1033963690
1034050419
103405063X
1034265229
1034353810
1034716794
1034903152
103494066X
1035101262
1035109395
103513800X
1035265567
1035324792
1035421518
1035624001
1035709163
1036333140
1036379299
1036401995
1036402096
1036695212
1036913988
1036933466
1037234499
1037240464
1037280598
103728254X
1037330889
1037331400
1037371518
1037384245
1037492579
103750746
1037536886
1037538250
1037538277
1037538285
1037543009
1037550935
1037554752
1037567463
1037567722
1037576403
1037576470
1037578163
1037591321
1037599276
1037616693
1037618335
1037629493
103764123X
1037652185
103766316
103779902X
1037856945
103785764X
1037862872
1037876717
1037878930
1037926307
1037987101
1038014816
1038016568
103802949X
1038172136
1038226988
1038282314
1038329973
1038460921
1038496330
1038565502
1038597692
1038714044
1038720370
103872645X
1038829399
104047631
104086491
104087463
104092033
104102772
104109076
104114614
104114630
104114649
104120274
104130938
104132280
104139137
104142146
104144769
104150084
104150386
104160802
1041609213
104170387
104173130
1041763913
104177624
104178892
104183152
104183411
104183586
104183764
10418387X
104188855
104189576
104193379
104193433
104193441
104194618
104194723
104196866
104198419
104200529
104201401
104201649
104207299
104209119
104209356
1042125619
104243430
104243449
104246073
104246936
1042528446
104270608
1042731950
104276231
10427686X
10427736X
104279664
104279699
104286547
1043022996
1043031995
10430376X
104304243
104308753
104309466
104310219
104312971
1043180362
104321350
104326751
10432676X
104326778
1043302883
104336609
104350253
10435027X
104356812
104360062
104360097
104366230
104372923
1043826866
1044341254
1044932236
1046155385
1046981277
1047227770
1047470047
1047973634
104854169X
1048647161
104940730X
1049674065
104991757X
105032823X
1050418743
105046083
1050464842
1050470354
1050470974
1050473639
1050479149
1050527461
105053185X
1050533283
1050543262
1050543408
1050544641
1050545664
1050555295
1050561317
1050561503
1050563107
105056314X
1050566025
1050573439
1050675835
1050679954
1050694813
1050694899
1050809920
1050965272
105121100X
1051498783
1051538955
1051651115
1051994926
1052525725
1052709583
1052722776
1052860257
1052880436
1052883249
1053164610
1053307578
1053434219
1053548877
1054943370
1055088687
1055111670
1055547010
1055548157
1055560165
1055596232
1055606386
1055629653
1055682899
105610600X
1056126159
1056624353
1057473391
1057765406
1057766631
1057767301
1057769584
1058102397
1059837323
1059954915
1060501651
1064023622
1064496245
1065248350
1065464711
1066349363
1067657177
1067981098
1068981598
1069084808
1069517836
1069539511
1069543888
1071565168
1071578162
1071880101
1072306484
1072605376
107290277X
1072980789
1073060853
1073264335
1073987086
1075059364
1075059453
107515684X
1075223954
1075462770
1076408141
1076935702
1077223994
1077744404
1078073600
1078648123
1079354751
1079362959
1081378387
1082224928
108448118
1085198499
1085837963
108690804X
1087308674
1089320663
1089360991
1089401558
1089429843
1089445474
1089450753
1089453213
1089456840
1089465483
1089471963
1089591497
1089596693
1089631464
1089632169
1089632533
1089669798
1089691661
1089797494
1089889801
1089891040
1094705225
1096366630
1096840278
1098220455
1100067167
1100087710
1100204377
1103156160
1103263757
1104195054
1104726262
1106262190
1109106181
1112576762
1115680420
1116450690
1117722457
1118511174
1119082706
111945512X
112103263X
1121611605
1122606370
1122664664
1123035717
1123983577
1125116439
1127548700
1127788922
1129809412
1129895408
1130180603
1131264428
1131291174
1132546737
1135195161
1135681295
1135735077
1136343350
1136805583
113919741X
1139874659
1141544075
1141620421
1142041379
1143617541
114433442X
1146028113
1147119937
1147127301
1147216266
1147227586
1147229473
114731960X
1148117067
1152229168
1152294075
115361871
115363165
1154815455
115497811
115498249
115502572
115507086
115540040
1155753151
115600108
11560720X
115616403
115620702
115627006
11567618X
115732624
115745866
115747591
115752870
1157541674
1157542700
115756574
115772251
115775498
115775854
115799877
115803041
115812067
115821872
115830359
115864849
115866655
1158696965
115872663
115883266
1159107726
116008385
116019573
116021004
116051264
116053356
11605459X
116054727
116068078
116070803
116078308
116078936
116096438
116105011
116113626
116130709
116146826
116151595
116163593
116175494
116175524
116179260
116204303
116214376
116225807
1162312173
116267968
116269553
116271205
11627493X
1162904976
116294396
116298642
1163064238
116313919
116324562
1163278858
11633536X
116353430
1163563544
116391693
116391820
116391839
116396229
116396644
116416610
116417722
116436077
116436956
116442174
116445645
1164545701
116455004
116468157
116491779
116498501
116498765
116505524
116506466
1165172402
116524073
116525185
116562722
116575859
116578459
116590181
116639296
116659718
11668514X
116688629
116688890
116702419
116709995
11671963X
116719788
116722622
116732555
116768452
116801298
116808640
11682025X
116865253
116893346
116896477
116902353
116906987
116907975
116908238
116909226
116911840
11691288X
116919892
116935391
116952016
116976659
117004669
117005657
117012599
117022322
117027944
117043214
11704783X
117051543
117069787
117079510
117081051
117108308
117115304
117126802
117140716
117145785
117179337
117187062
117191949
117205184
117214086
117216402
117220752
11727514X
117275948
117285714
117291250
117293652
117305359
117318701
117330507
117360708
117379298
117384224
117387479
117400238
117400246
117407186
117433845
1174408367
117450367
117454273
117454575
117474460
117475971
117478075
117505471
117513810X
117518387
117519456
117535605
117563056
117576182
117577421
117578487
117592641
117592757
11761744X
117624950
117637327
117644846
117648914
117655546
11765793X
117658197
117666424
117672017
117672386
117678945
11771206X
11771660X
117722944
117751669
117752622
117765805
117768006
1178650553
1179488822
1179851625
118002805
118047388
118047418
118048562
118064657
118144677
118167375
118168916
118500481
11850049X
118500635
118500783
118501097
118501100
118501755
118501828
118501852
118501933
118502220
11850245X
118503278
118503480
118503499
118503510
118504843
118505076
118505084
118505092
118505106
118505114
118505122
118505483
118506188
118506439
118506668
118507079
118508318
118508326
118508636
118508679
118508911
118509810
11850987X
118509926
11851024X
118511262
118511270
11851217X
118512242
118512315
118512722
118513176
118513249
118513257
118513281
118513745
11851380X
118513923
11851427X
118514806
118515055
118515284
118517384
118518275
118518410
118518429
118518445
11851850X
118518534
118518860
118519034
118519255
118519506
118519573
118520504
118520512
118520652
118520733
118520814
118521063
118521292
118521470
118521713
118521977
118522140
118522159
118522582
118522590
118522841
118523139
118523287
118523708
118523783
11852464X
118524658
118524801
118524844
118526170
118526642
11852786X
118527983
118528386
118529919
118529927
11853050X
118530585
118530666
118531328
118532111
118532502
118532510
118532529
118533495
118534432
118534947
118534955
118534963
118534971
118535021
118535730
118535749
118535773
11853579X
118535803
118535862
11853596X
118535986
118535994
118536796
118537695
118538322
118538543
118538969
118539469
118540238
118540610
118540793
118541013
118541072
118541838
118541862
118541900
118542257
118542265
118542699
118542702
118542907
118543091
118543318
118543725
118543733
118543830
118544306
118544365
118544373
118545140
118545221
118545310
118547623
118547631
118547658
118548166
118548174
118548255
118548271
118548573
118549286
118549553
118549618
118549855
118550853
118550896
11855140X
118552805
118552953
118553070
118553569
118554131
118555340
118555359
118555677
11855591X
118555928
118556045
118556312
118557432
118557459
118557769
118557971
118558048
118558331
118558390
118558404
118558420
118558668
118559214
118559796
118560026
118560034
118560042
118560050
118560069
118560093
118560107
118560115
118560123
118560182
118560565
11856059X
118560751
118561057
118561855
118562398
118562452
118562746
118563211
11856322X
118563335
118563599
118564943
118565109
118565184
118567543
11856806X
118568647
11856868X
11856997X
118570293
118570781
118571249
118571710
118571761
118571869
118571877
118572121
118572539
118572695
118572873
118573330
11857342X
118574418
118574450
118574914
118574922
118574930
118574949
118575155
118575430
118575449
118575511
118577468
118577778
118577786
118577794
118577808
118577891
118577905
118577956
118578308
118579274
118579320
118579355
118579371
11857938X
118579401
11857941X
118579428
118579703
118580485
118580558
118580744
118580914
118581074
118581082
118581090
118581139
118582143
11858233X
118583158
11858331X
11858362X
118583662
11858412X
118584871
11858586X
118585975
118586408
118586416
118586807
118586971
118586998
118587668
11858815X
118588567
11858913X
118590111
118590200
118590421
11859043X
11859074X
118590774
118591118
118591347
11859169X
118591924
118592165
118592602
118592661
118592793
118592904
118592955
118593056
118593811
11859382X
118593846
118593862
118593870
118593943
118594540
118594575
118594605
118594702
118594710
118594788
118594885
118594893
11859544X
11859558X
11859561X
118596047
118596705
118596926
118597787
118598031
118598090
118598708
118599100
11859964X
118599712
118599887
118600001
118600354
118600621
11860113X
118601652
118602497
118603353
11860354X
118603701
118603817
118604082
118604090
118604775
118604813
118604821
118605909
118605941
118606115
11860614X
118607057
118609815
118609823
118610066
118611089
118612336
118612492
118613200
11861357X
118613723
118614193
118614703
118615270
118615300
118615637
118615688
118616226
118617818
118618806
118619292
118619918
118619993
118620134
118620282
118621637
118621823
118622110
118622323
11862234X
118622501
118622625
118622854
118622897
118622951
118622994
11862346X
118623567
118623990
118624946
118625586
118626426
118626574
118626647
11862671X
118627082
118627171
118627252
118627279
118627813
118627848
118628755
118629492
118630067
118630229
118630563
118630938
118632477
118632787
118632876
118632884
118632906
118632914
118632922
118632949
118632973
118633600
118634151
118634208
118634224
118634895
118636677
118637606
118637797
118638203
118638319
118638394
118638459
118638521
118638599
118638831
118638963
118639110
118639242
118639889
118640119
118640208
118640356
118640410
118640437
118640445
118640658
118640941
118641182
118641220
118641425
118641433
118641484
118641514
118642286
118642820
118643096
118643150
118643177
118643355
118643525
118643924
11864436X
118645374
11864601X
118647229
118647733
118647989
118648659
118649035
118649450
118649469
118649485
118649639
118650033
11865330X
118653377
118654772
118655728
118655809
118655833
118656368
118656821
11865750X
118658336
118658689
118659278
118659413
118659456
118661728
118661957
118662244
118662775
118662864
118664727
118666053
118666061
118666479
118666509
118666754
118667041
118667181
118668536
118668544
118669613
118669885
11867031X
118670786
118671499
118671936
118672231
118672657
118672800
118674005
118674382
118674838
118675885
118675958
118676040
118676059
118676504
118676512
118676903
11867692X
118678477
118679422
118679627
118679651
118679740
118680749
118681346
118681400
118681613
118681834
118682229
118682318
11868339X
118683500
118683527
118683721
118683969
118684302
118684450
118684728
118685872
118686240
118686739
118686755
118686763
118688677
118690450
11869068X
118691015
118691414
118692941
11869295X
118693018
118693077
118693522
11869362X
118694170
118694383
118694995
11869507X
118695908
118696602
118697064
118697080
118697390
118697404
118697781
118698028
118701231
118701533
118701932
118702173
118702246
118702424
118702645
118703234
118703250
118703277
118704702
118706292
118706950
118707582
118709771
11870978X
118709917
118710117
118710788
118711539
118711865
118712179
118712284
118712373
118712381
118712411
118713140
118713302
118714309
118714341
118714570
118714937
118715380
118715615
118716166
118716808
118716859
118716913
11871693X
118717154
118717642
118718266
118718789
118720856
118720864
118720880
118720902
118720910
118720945
118721224
118722557
118723049
118723510
118723960
118724010
11872469X
118726757
118726811
11872729X
118727516
118727664
118727745
118728571
118729152
118729225
118729314
118729411
11872942X
118729438
118729446
11872987X
11873069X
118732463
118732471
118733273
118733877
118734563
118734962
118736493
118736515
11873668X
118737554
118738062
118738097
118738887
118738925
118739549
118739840
118740091
118740504
118742159
118742175
118742183
118743228
118743368
118743430
118744305
118746324
118746812
118747355
11874836X
118748394
118748602
118749005
118749218
118749455
118749625
118750518
118750682
118751611
118751719
118751735
118754270
118755285
118755730
118756125
118756370
118756508
118756877
118757156
118758330
118758349
118758357
118758896
11875940X
118760130
118762877
118763202
118763865
118764659
118764888
118765671
118767208
118767461
118767909
118768417
118768522
118770454
118771175
118771841
118773674
118773720
118774352
118774875
118775391
118775472
118775820
118775952
118776371
118776517
118776630
118776746
118776754
118776762
118776770
118776797
118777572
118777599
118778420
118778463
118778811
118778994
118779141
118779710
118779966
118780077
118780107
118780530
118780549
118780700
118780719
118780727
118780735
118780808
118781197
118781618
11878174X
118781863
118782037
118783270
118783548
118783726
118783858
118784749
118784803
118784854
118784900
11878496X
118785516
118785648
118785931
118786687
118786792
118787357
118787888
118788604
118788655
11878885X
118789023
118789058
11878935X
118789511
118789554
118789910
118790439
118791060
118791109
118791141
118791621
118791842
118791850
118792032
118792431
118792628
118793675
118793977
118794078
118794280
118794396
118794426
118794604
118794973
118795740
118795899
118795937
118796224
118797255
118798502
118798545
118798634
118799096
11879941X
118799517
11880099X
118801600
118802380
118802968
118803530
118803697
118804111
118805495
118805568
118805576
118805762
118806262
118806653
118806696
118806823
118807331
118807935
118808265
118808443
118808591
118808613
118808745
118808761
118809199
118812092
118812343
118814206
118816683
118816829
118818449
118819623
118820206
118820214
11882046X
118822713
118822748
118823663
118823795
118826085
118826409
118827138
118828622
118828630
118828657
11882872X
118829505
118830643
11883083X
118832832
118834320
118834460
118834568
118834657
118834770
118834797
118834886
118835262
118835432
118835440
118835556
118835696
118835769
118836684
118836854
118837125
11883715X
118837265
118838709
118840266
118840436
118841378
118843761
118844105
118846264
118846787
118849549
11885237X
118852892
118853740
11885500X
118857312
118857444
118857673
118858955
118859617
118859927
118860143
118862383
118865838
118868217
118869965
11887036X
11887201X
118872508
118873415
118873865
118874195
118875329
118876368
118878549
118878689
118879294
118880632
118880640
118882503
118882929
118882945
118883151
118884352
118884840
118886339
118886517
118888544
118890751
11889157X
118892177
118892312
11889272X
118892959
118896156
118896644
118897926
118898205
118899872
118900919
118900927
118901125
118901664
118901842
118904043
11890406X
118907832
118907883
118907948
118908154
118910884
118910906
118911546
118911759
118912860
118913816
118913905
11891779X
118919415
118919466
118919520
118920588
118921045
118921584
118924060
118925059
118925113
118927574
118930192
118930249
118930915
118931091
118935585
118936301
118938096
118938363
118939483
118939734
118940538
118941224
118947648
118947931
118949373
11895363X
118956639
118956817
118957732
118958690
118960350
11896206X
118963287
118963791
118964380
118966928
118967436
118968343
118968580
118968696
118968920
118968998
118969137
118971263
118971328
118973401
11897341X
118973436
118973916
118976435
118977156
118977261
118977326
118977350
118977547
118978055
118978128
118978780
118981137
118983334
118983431
118985981
118986120
118987224
118987437
118988328
118989863
118990209
118991779
118993631
118995219
11899610X
118998218
119000776
119002205
119006472
119006634
119006944
119007398
119007754
119010186
119013622
119013797
119014459
119015056
119020017
119020157
119020289
119020572
119021048
119022524
119024098
119024268
119025272
119025299
119034514
119041545
119043726
119044021
119044048
119046547
119047993
119048833
119050870
119052636
119053985
119055252
119059614
119060485
119060558
119061961
119064332
119064715
119065126
119070758
119072866
119073838
119075636
119077647
119078244
119078880
119079178
119080419
119080958
119082624
119083450
119087138
119088665
119090856
119091771
119093502
119095025
119095939
119099284
119099950
119100320
119103427
119104385
119105691
119107996
119108232
119108542
119111918
119114119
119117304
119117851
11911884X
119120674
119120712
11912081X
119121204
11912288X
119130726
119130947
119131994
119132893
119135272
119139162
119139170
11913988X
119141574
119142120
119142511
119143801
11914462X
119144646
119145596
119148668
119150182
119151790
119154161
119160978
119161060
119162547
119163861
119164248
119164434
119165198
119168774
119172798
119174383
119175800
119176629
119177315
119177579
119179466
119181355
119181495
119183471
119184958
119185806
119186640
119188325
119188945
11918902X
119193833
11919404X
119194058
119194406
119195909
119196948
119200414
119202077
119206064
119206080
119206110
119207826
119208210
119209853
119209993
119210517
11921332X
119213567
119215152
119217597
119221292
119221314
119222396
119222450
119222701
119222841
119224364
119226014
119229196
119233096
11923632X
119237644
119238209
119240106
119241161
119241676
119241811
119241838
119242427
119244837
119244845
119244853
119246007
119247194
119248972
11925011X
11925476X
11925509X
119256908
119258064
119261197
119264900
119265931
119268906
119271001
119272555
119273950
119277557
119279797
119281384
119281678
119284863
119284936
119287196
119289474
119292203
11929463X
11929771X
119299747
119299941
11930242X
119303108
119303973
119314088
11931438X
119314630
119314878
11932055X
119320827
119322870
119329611
11933075X
119332531
119334690
119336839
119338882
119344483
119349248
119352540
119355396
119356015
119356392
119357577
119357585
119357917
119363577
119367459
11936929X
119369702
11936977X
119372398
119372819
119373777
119374862
11937627X
11938213X
119382989
119383845
11938888X
119390590
119400839
119405423
119406810
119412012
119414651
119426129
119427672
119429411
119434660
119438747
119441020
119441969
119442027
119443546
119446715
119447568
119454874
119455293
119465639
119468875
119469057
11946960X
119471205
119471345
119471922
119474492
119475804
119479303
11948174X
119481758
119482231
119484447
119487403
11948952X
119490609
119494523
119496313
119497468
119498162
11949826X
119501279
119503069
119509113
119511258
119512742
119513048
119524759
119531224
119534878
119536560
119540355
119540797
119544687
119545195
119545209
119545411
119547791
119547961
119550660
119550989
119554755
119555557
119559811
119828935X
120016788
120018551
120038617
120040050
120054876
120076721
120082268
120097249
120100045
120105659
120110210
120125897
120136325
120137119
1201436567
120151006
120159562
120186845
120187582
120193795
120218062
120219719
1202480004
120251922
1202742106
120345927
120360047
120388286
1204065403
120416689
120440881
120480069
120480301
120491931
120491982
120494663
120500310
120530635
120564939
1205765085
120578328
120602172
120607204
120631563
12063774X
120637774
120640945
120656906
120668696
120677563
12070465X
120736268
1207510149
120804735
120825961
120831740
1208948881
120898306
12091008X
120914751
120934434
120963914
120965828
120972638
121012638
121019519
121043878
121044386
121056961
121057623
121064603
121065421
12108972X
121094111
121096246
121104079
121160440
121164160
121173186
121175855
121182258
121193047
121195147
121217760
12124749X
121253465
121254305
121286673
121306151
121320936
121320987
12132141X
121364976
121386597
121401448
121433773
121437973
121456935
121461491
121463354
121463486
121473880
121485641
121496430
121505138
121514129
121514226
121525449
121526216
121551075
121585778
121589811
121619788
121619869
121635775
121652998
121671992
121673391
121675076
121701573
121702197
121718190
121733394
121745783
121751627
121780759
121813738
121823768
121838951
121845990
121858472
121890198
121906914
12190816X
121922235
121924548
121932508
121978788
121987000
122000064
122008332
12201149X
122015355
122017323
122017358
122019687
122020944
12202690X
122027124
122027248
122028082
122035143
122038355
122041119
122045742
122053060
12205315X
122057279
122063317
12207114X
122071247
122075412
122075560
122076044
122076311
122076354
122076419
12207937X
122093798
122094204
122098994
122101359
122114663
122119363
122125312
122126475
122131924
122132807
12214516X
122148606
122150554
122154770
122165403
122165462
122180488
122181123
122181263
122185579
122206975
122214803
122218434
122232054
122232518
122235401
122235800
122246705
122259793
122259998
122262727
12226648X
122268857
122269071
122269950
122293665
122293738
122296931
122320816
122331915
122338499
122340566
122377842
122381335
122384148
122384865
122386655
122391047
122410769
122414217
122446879
122466705
122475127
122495772
122500776
122503651
122520416
122521307
122544420
122560035
12256975X
122576217
122581830
122583035
122583787
122594649
122623282
122629825
122651634
122657322
12265739X
122657403
122661036
122714024
122714806
122718143
122723228
122723856
122726480
122727754
122730054
122748255
122749715
122755340
122755383
122755464
122758749
122760506
122765001
122767306
122768132
122781961
122785703
122786637
122801636
122805291
122810627
122810775
122811143
122818539
122823583
122824458
122828011
122829867
122834402
12283447X
122834593
122834658
12283710X
122837339
122845676
122846915
122850297
12285490X
122883055
122883098
122899393
122899539
122909976
122914074
122934172
122952340
122955986
122958977
122961714
122962060
122963385
122963482
122966996
122968824
122968840
122970470
122970535
122979028
122986547
122988426
122989945
12299468X
122996399
12301011X
123017548
123018455
123018536
123032296
12303566X
123036267
123038162
123044677
123052483
123052777
123055113
123055199
123058996
123082978
123083028
123083052
123083109
123086590
123087465
123090393
123091047
123091063
123097061
123097711
123097843
123097916
123097924
123102618
123105609
123115027
123115876
123128358
123138140
123153484
123153506
123160847
123162939
123164664
123165474
123168821
12316883X
12318441X
123185823
123186366
123190142
123192862
123203635
12320660X
123206634
123207606
12321940X
123219450
123230829
123242630
123249155
12325079X
123254760
123258685
123258804
123259967
123264456
123264502
123291607
123301319
123302846
123303362
123313848?
123330653
123338328
123338557
123338581
123338697
123345537
123379636
123380103
123380227
123380464
123380588
123386004
123405238
123407427
123429145
123429609
12343503X
123442508
123445493
123458625
123463688
123468493
123481708
123494397
123497507
123502160
123504511
123515750
123531985
123540313
123589797
123592623
123610311
123620805
123621437
123625505
123633648
123635500
123645336
123653703
123662982
123663032
123663075
123667437
123672678
123700035
123715547
123763061
123765161
123774896
123779383
12378767X
123825792
123862604
12388067X
123887666
123958679
123961572
123962587
123977827
123983150
123989582
123992338
123999723
123999812
124000452
124005314
124006116
124014291
124016553
124016626
124017274
12401741X
124020097
124020313
12402145X
12402162X
124036465
124042627
124067816
12408298X
124101070
124134203
124145663
124162932
124164285
124164943
124174760
124192262
124194516
124222463
124226752
124237320
124237398
124249264
12426607X
124269931
124270441
12427563X
124288502
124288839
124290736
124290817
124295916
124305539
124315364
124318460
124318746
124318940
124320376
124322026
124326080
124326765
124329551
124335756
124336086
124336299
12433833X
12433895X
124339522
124344739
12435159X
124363075
124363261
124368611
124368891
124371752
124372821
124376142
124377114
124380867
124384072
124391834
124397042
124397646
124404111
124407374
124409628
12441446X
124416519
124424643
124425054
124428592
12442869X
12443245X
12443262X
124432743
124433650
12445917X
124498302
124510175
124510205
124518478
124520073
124550517
124567800
124571212
124577466
124580254
124583105
124588026
124639283
12464287X
124655661
124660584
124664180
124664555
124665837
12466587X
124668526
124671047
12468324X
124701930
124702686
124707777
124708390
124721583
124722407
124730116
124742386
12476780X
12477055X
124791670
124804837
124805884
124817556
124827047
124827144
124833004
124842364
124843778
124865844
124889778
12491571X
124915744
124924719
124931812
124984452
124986269
124997678
125845634
126291381
127028099
127576428
128347856
128374357
12837859X
128379839
128380586
128386495
128389222
128404140
128415851
128432063
128461500
128490012
128508175
128508523
128514051
12851924X
128523883
128554665
128571748
128587725
128598360
128624280
128647590
128655186
128683589
128684224
128698233
128698373
128699876
128716517
128728760
128732342
128756438
12876340X
128802804
128814365
128821728
128821930
128832290
128837403
128845554
128849150
128854243
128854723
128855339
128868929
128871202
128873868
12887418X
128881534
128898860
128908467
12891971X
128938811
128943467
128957921
128962321
128979968
129000817
129012327
129012343
129028584
12904217X
12904363X
129047015
129056774
129063800
129068403
129073601
129098175
129100080
129100730
129101370
12910356X
129108693
129112364
12911491X
129115991
129123765
129149713
129154121
129168092
129174572
129182362
129182753
129187941
12918814X
129202193
129216038
129229563
129232858
129233307
129247448
129250988
129253960
129253987
129254185
129269336
129270784
129273961
129287679
129294640
129308838
12935239X
129364940
129365122
129367435
129388513
129391255
129395641
129424021
129458139
129459550
129462438
129462969
129490407
129505919
129520136
129521396
129536873
129580732
129607959
129615552
129641685
12964658X
129674850
129685844
129688088
129691356
129694347
129700347
129700606
12970928X
129709395
129725102
129726990
12973120X
129756210
129768049
129768138
129782793
12979256X
129794848
129812943
129828777
12983582X
129841188
129841293
129841315
129884294
12989432X
129927961
129937061
129942235
129942499
129978175
129978469
12999457X
130026034
130038296
130040509
130099112
130100757
130101931
130109002
130118257
13012673X
130126780
130139270
130139300
130161012
130162302
130180491
130200875
130249424
130268976
130296430
130356840
130359726
130368741
130368792
130380296
130388254
130392979
130407399
130439983
130466174
130483664
130494836
130553387
130588423
13058861X
13060013X
130624004
130635731
130829005
130832901
130840025
13084215X
13086983X
131368265
13137592X
131380958
131383973
131406035
13142744X
131428950
131433008
131445995
131447416
131502719
131536362
131553488
131559893
131568647
131591754
131600729
131617745
131703439
131704192
13172424X
131729888
131734350
13173797X
131858947
131867814
131894188
131894498
131968963
132020262
132041057
132075806
13209360X
13209696X
132142805
132143364
132143712
132158922
132181622
132201143
132242761
132248786
132271680
132278448
132279029
132279762
132290812
132292602
132316307
132343762
132366126
132366339
132368501
132380080
132395959
132399946
132402211
132415658
132430185
132468743
132471841
132472643
132476029
132507714
132511762
132513471
132522349
132522764
132527340
132541823
132559900
132586746
132592916
132609053
132654571
132664542
132673592
132690616
132708906
132715414
132719908
132727110
132754509
132771616
13281837X
132840936
132860821
132862573
132862832
132890836
132913658
132969815
132995603
133031411
133067475
133067521
133112713
133115283
133119289
133146154
133231038
133232670
133272605
133320650
133368017
133404862
133433722
133446417
133508951
133521915
13355886X
133560953
133561763
133572846
133698912
133711366
133778061
133811379
133824799
133852644
133871150
133872181
133882918
133903060
134004655
13401555X
134073460
134104900
134105001
134107284
134111664
134147979
134185307
134186931
134277406
134302664
134924924
135570522
135574900
135631270
135671140
135672325
135678226
135694515
135718627
135718694
135719747
135728002
135729378
135739918
135751667
135755018
135767911
135852544
135889502
135892295
135895014
13590515X
135907861
135935806
136000223
136010997
136021123
136021190
136021646
136025552
136069053
136090508
13611413X
136180035
136244750
136247830
13627059X
136343716
136351719
136358888
136431070
136434584
136560717
136575420
136586791
136590306
136596673
136618790
136642802
136667031
136679366
136690505
136697925
136708676
136735207
136765955
136793517
136840736
136902332
136923283
136923534
136924190
136979092
136979904
13699430X
137005776
137011059
137036280
137093594
137160100
137216181
13732524X
137327617
137337604
137338902
137338996
137339186
137341016
137341148
137353766
137360010
137374437
137388292
137397216
137401493
137423128
137488572
137579543
137672101
137672853
137673620
137699557
137731000
137746806
137838239
13783831X
137839944
137844441
137844662
137844743
137855060
137896646
137922035
138003610
138004366
138085803
138130469
138135576
138141-6
138150-7
13818271X
138244995
138302669
138332363
138334501
138357129
138367736
138374260
138386161
138398453
138417989
138421374
138466521
138469881
138496439
138524653
138541442
138541450
138541922
138573433
138620725
138674426
138693498
138711798
13872833X
138752222
138775796
138779090
138786992
138787174
138806152
138806918
138807159
138807248
138828415
138828733
138840180
138854645
138855099
138863660
138866945
138887004
138887993
138892652
138893519
138893659
138914311
138923302
138933030
138937273
138939446
139010300
139044310
13905863X
139063749
139064125
13907807X
139078177
139081887
139081895
139083855
139084339
139085300
139095349
13910321X
139103287
139109439
139110585
139112669
139172807
139249338
139264620
139264787
139264825
139264973
139266054
139344330
139358226
139407855
139479996
139483721
139531327
139610618
139616969
139638628
139711953
139771174
139816364
13998643X
139993738
139994432
140095330
140252150
140438149
140541896
140601201
140611835
140628479
140654887
140690263
141077395
141096063
141186348
141325402
141370130
14141636X
141460911
141567597
141601876
141652233
141678305
141678615
141718765
141838582
141853654
141890061
141989505
14199391X
142020672
142028533
142185701
142260665
14241851X
142437476
142456047
142462780
142489042
142495948
142517410
142533696
142551163
14257368X
142652180
142721921
142732516
142743216
142760919
142799114
142811424
142840114
142874698
142886610
142932175
142937967
142968609
143000357
14301630X
143023012
143050966
143053949
143166743
143239511
143286048
143339826
143454153
143456415
143456903
143480456
14349662X
143502549
143513982
143514849
14352383X
143585800
143606689
143627406
143633821
143656813
143680439
143682466
143691678
143775138
143779923
143797379
143811657
143824236
143858580
143873652
143905406
143906666
143924338
143958674
143959298
14400111X
14400349X
144048426
16108446X
16114819-0
172228964
173289371
173340636
173635628
173872131
174164513
174184522
174196652
174212526
174221703
17422723X
174235305
174290691
174299672
174304811
174331592
174348517
179233572
188432116
188434089
188435514
188439714
188485376
189174447
189515651
189549661
189551283
189557303
189574542
2030321-X
2175931-5
4078411-3
4098323-7
4264095-7
483264245
5110930-X
6145628-7
6145776-0
6146596-3
6147288-8
