#FORMAT: BEACON
#PREFIX: http://d-nb.info/gnd/
#TARGET:  http://www.tripota.uni-trier.de/beacon.php?ID={ID}
#INSTITUTION: Universitätsbibliothek Trier
#MESSAGE: Dargestellte Personen und Künstler in Tripota - Trierer Porträtdatenbank
#NAME: Tripota - Trierer Porträtdatenbank
#DESCRIPTION: GND-Zuordnung der dargestellten Personen und Künstler: 6883
#TIMESTAMP: 2013-11-18

116306505|1
120849461|2
118641662|1
124439047|1
130249424|5
123442508|3
117678422|2
118926179|1
118913379|1
122824857|3
123102839|1
1019725621|1
124986374|1
100618030|1
118654918|1
130503517|1
116252308|1
122131584|3
13066023X|1
133160785|1
124822339|1
1011869101|1
116873914|1
122062868|1
118653857|1
116369922|1
118784714|3
117317675|1
116166428|1
118739603|2
1019752270|2
117557161|1
116359579|4
140650857|1
119047071|1
119226987|2
117211524|1
1019759011|1
104352000|1
130332364|1
115831304|2
135737303|10
116494115|1
118534955|7
118632477|6
140677879|1
132452251|1
118590421|1
118730711|2
118598058|3
12204567X|4
1023859009|1
116391820|59
131858947|2
118770454|1
121837475|2
116590181|1
181578182|1
117191949|2
1036626105|1
122552997|1
136161782|1
100309038|1
130488909|1
118560069|6
116203757|1
4829518-8|2
122949722|1
118580310|1
118608339|3
118683969|1
123498570|2
128681667|3
13051635X|2
118753665|1
119465744|1
118891138|1
119550016|1
140166769|1
130374334|1
124444717|1
123018455|1
121792471|2
117011932|1
1036566870|3
131806718|1
11861911X|1
100832679|4
122186788|1
118624539|1
119020572|1
124697186|25
118542265|1
135673879|1
118697404|1
116391839|63
130531642|4
1027563287|1
189375221|1
118560123|9
117500399|1
115462317|1
116405368|1
118586408|14
10086984X|3
116217596|1
130235172|1
1024109925|2
1019730803|1
101974040X|1
1025534018|1
118616277|1
118539477|3
119432153|3
133311309|1
130368741|1
115812067|1
101248571|1
119362201|1
117239461|1
122743849|1
118590766|1
116268891|1
129688738|1
116458593|7
118989987|1
143374370|1
128387289|1
118720864|1
102181780|1
119686791|1
1022650548|1
115846506|1
120709023|2
116643765|1
122845668|1
123390575|1
118695223|1
116066121|1
116741538|1
119343118|1
121604802|1
117326348|1
118577808|4
118745425|2
124572375|2
1029849641|1
124326862|1
12063774X|2
12912768X|1
132248832|1
104064919|1
10084247X|1
1019739940|1
122436946|1
118512986|3
11897131X|4
118822837|1
1026680972|1
118802968|6
118720937|3
119242559|1
118969420|3
1019725761|1
1019742704|1
124326080|4
128710098|14
117103527|1
117293741|1
104196270|1
118774824|1
102764492|1
116484187|5
116417722|3
119148250|1
104126299|4
159109728|1
116652039|2
129254894|1
10417689X|1
101503261|2
118530666|8
1019727373|1
112835694|16
116550457|2
116267968|3
117293857|1
11853579X|6
101975981X|1
1017476330|1
121463354|1
116031670|1
11873475X|2
1019741562|1
11858815X|61
123972469|5
117586730|1
11948756X|1
120199025|1
118585975|1
118549731|1
1019730862|1
143466461|1
129112011|2
118712411|5
129836842|1
101972756X|1
1016904827|2
118503839|1
130361658|2
138862370|1
1036933466|1
116960302|1
119509415|5
118643525|3
123233526|1
118674439|1
13785580X|1
13627398X|1
1019743441|1
117558702|1
116848359|1
122709853|1
11585505X|1
118660470|1
141954779|1
124391397|1
102493669|1
142567213|1
1019739320|2
118661957|1
102758972|1
116948337|1
122035143|2
115532293|2
118715100|14
118763032|2
120018306|2
116831227|1
124379893|1
130046809|1
118530550|1
1019750766|1
142577898|3
118947648|11
118543938|1
132415658|2
124700470|4
118804243|1
118751735|1
1037330145|1
138850291|1
129149780|1
116325976|1
118736701|2
100265901|3
118804618|2
1019746521|4
12307021X|1
119113007|2
13390220X|1
11875713X|1
1019760281|1
119066327|2
123359147|3
120673517|1
100814921|1
1037208889|1
117368490|1
1014425425|1
137208510|1
119108488|1
119480778|1
1019729406|1
12909479X|1
116742569|1
121083322|1
121094111|2
1023026708|1
1019730587|1
119104385|3
115872663|6
102035229|1
117648914|1
132488566|1
11643340X|3
118846574|1
118535641|7
116625155|1
11756835X|1
128525827|5
124384218|1
129731501|1
118538624|3
131945092|1
11917426X|1
1019741384|2
118581082|1
11633939X|1
11685023X|1
119208849|1
118758357|1
101974152X|1
118920758|2
118519565|1
118552945|5
136779859|4
117060429|1
137069804|3
1019758031|1
117130117|1
1018265686|1
121094421|2
103701037X|2
119069563|1
129839213|1
131748777|1
118777432|5
142442631|1
119279878|1
1017512507|1
138842728|1
100748260|1
12207811X|3
116447494|2
118847767|1
117571644|1
130236268|1
1033606693|1
143362585|1
119078880|1
1013725670|2
122598792|1
173649041|3
143367005|1
129047015|2
12887418X|2
1019740671|1
118848399|1
118574612|1
156500876|1
119137003|2
118592807|12
118687891|1
129868868|2
11860371X|5
104218975|1
130322504|1
116227370|1
118795090|1
133001156|1
118807161|2
123976790|2
118547739|1
119199351|2
129756210|2
118781413|1
119344483|1
124851916|1
123964377|2
131909029|1
118662473|1
123746876|3
1019758430|1
1019745762|5
118779516|1
119868377|2
130027200|1
118557459|1
128605790|1
100368867|1
118807714|1
137676328|1
1011655012|1
132094312|1
118627910|5
104177209|1
1030499160|1
1019761563|1
104138017|1
122863119|2
100037518|1
14358426X|1
11897436X|5
118624997|1
116480831|1
128737395|1
116684674|1
100535135|1
143935135|1
1019747595|1
116346329|1
1011994038|1
1019757558|1
119123339|2
129160253|1
118785028|1
124596355|1
116296283|1
118728830|3
12871848X|1
104221917|4
119459299|1
116456590|3
118581465|4
1019746750|1
119540363|1
122838068|2
118689789|1
117123560|1
117608785|1
124844723|1
118715143|1
140808736|2
1036572692|1
118674013|1
118517384|1
104225033|1
118713302|5
11933237X|1
133426335|6
104325011|1
11852643X|1
1037387104|1
121624013|1
136278701|1
117684457|1
101972532X|1
118546198|6
117327522|1
119091852|6
115826432|3
117162760|1
117115304|1
118823795|3
118571877|5
133823911|2
118651218|1
102300186|1
118543768|1
120489384|1
103085432|1
128506822|1
1019743549|1
104175931|5
1018867104|1
1024068463|1
122102460|1
119259737|1
118974408|5
11880099X|2
117327905|1
100155294|1
1037006356|1
102285977|6
136096093|2
118782096|1
118525816|1
116039051|1
133207366|1
103036504|10
118640798|1
1033795224|3
123000033|1
1036741966|2
11851993X|3
131500155|2
118546910|1
119399555|1
128816406|7
118509209|1
118795430|1
121454711|1
119207311|1
104206497|1
132255952|1
119074117|1
133360830|1
1019762209|1
118742353|1
118717146|1
132033178|1
1029471282|1
118503472|3
10097838X|1
118702165|1
119216434|1
12449224X|2
12440345X|1
118767461|1
118861646|4
118501615|1
104175281|1
115643494|3
135746515|1
1019731451|1
1019746246|1
122097564|1
133645479|1
117120510|4
129880949|2
118982354|1
131789481|140
116213728|2
117432563|1
122090292|7
101974068X|1
121540243|1
122581792|41
117571687|2
1037371518|2
1019730102|1
129020192|1
121240150|1
11682543X|1
122811143|1
12017636X|11
129340502|2
119531720|2
1019729023|1
118580973|1
116256745|1
118956841|4
119071487|3
118687441|3
100471765|2
129113964|8
118661310|1
143374907|1
104332980|1
120723727|1
1019730501|1
102508585|1
117653772|1
11734625X|1
130573035|1
1036869474|1
119013797|2
116473908|1
118550578|5
117429740|4
118758896|1
118685414|1
117418366|1
133073742|1
120915537|1
118680471|1
118653377|3
121437981|1
119148463|1
121469786|1
139545786|1
1019746033|1
1019762365|1
118807668|1
102199175|1
118594117|1
143354728|2
1019755849|1
1037044878|1
123082307|20
1037335376|1
140792848|1
118640747|1
1021696404|1
141121017|1
142396257|1
118527533|1
124910726|1
118904043|1
119360691|4
103766316|8
128816686|5
11870978X|3
136997538|1
118632299|1
118752936|1
100038956|1
124777716|1
120204681|1
118557769|5
116846453|1
117254193|1
118855719|1
118701932|4
118936794|1
143857665|1
122194284|1
120219719|1
116126574|1
122560035|8
11682025X|4
12301011X|1
100121381|2
118655159|2
116799625|3
124936571|3
116039841|1
101975222X|1
118793276|1
130569984|1
138775354|1
118592955|6
132541823|1
1019748117|1
118734210|2
142847402|1
100975127|1
131929453|1
118693484|2
117149993|2
118679279|2
134285727|1
1019728671|1
118558986|2
130038296|1
124546900|1
126789150|3
123495148|5
11624870X|1
100324797|1
142640735|1
1019749164|1
1036716481|1
1019730757|1
10012125X|1
119025299|3
100322174|1
116019077|1
124702791|1
133560953|4
121894282|1
129630403|3
1019738154|1
118744534|1
115359966|1
116164816|1
119150263|1
118668072|1
130287350|1
104348038|1
10406904X|1
116225807|2
139321063|1
139052550|1
118555286|1
118619799|1
130877999|1
134303733|1
124962483|1
116341793|1
11853095X|1
101209040X|1
116894814|4
118636812|1
123405351|2
118593862|4
121699331|2
118631977|1
119521733|1
143271733|1
129656984|2
120159562|1
1019323906|1
118515586|2
129269336|1
132408872|1
100190014|1
118738925|2
1036869822|1
116236590|1
13360313X|1
124409628|2
102461163|1
119019264|3
11984107X|1
118676768|1
135616921|3
132740273|1
118806351|3
140264256|1
1019745290|1
118783440|1
116192844|1
118657216|1
11859561X|2
116130709|40
118685295|1
11864162X|1
118530747|2
1019741627|1
117113395|1
124315283|4
1019756063|1
116045760|1
104174420|1
143384511|1
1019454180|1
122150554|24
132699761|1
1019747811|1
136259170|1
121199258|1
133529878|2
12146086X|1
1012243176|2
1019460180|1
115672060|1
116221356|2
1019747196|1
123017831|1
116151595|1
117533211|1
104104139|3
129379131|2
118538322|5
116190949|1
136285201|1
118638009|2
123507723|1
100289452|1
117026875|1
118780727|1
122676327|1
100822428|1
104068949|1
119080958|4
12315345X|2
123577764|1
118637533|1
129085367|82
143362712|1
132654512|2
102571821|1
10417871X|1
136793517|1
129253987|1
115773371|1
124021085|1
115368302|1
12287224X|2
119024209|1
137646968|1
11867594X|2
119061082|1
118518836|1
116657812|2
117721816|1
1019756705|2
133059839|1
101974104X|1
1037339584|1
117183210|1
117019119|1
101081715|2
118671103|1
129610836|1
124164285|6
12911491X|1
1019750553|1
117036013|1
117691666|1
101974376X|2
143808370|1
118714082|1
118536443|3
1017958904|8
116294086|1
129809918|2
119120674|2
137950187|1
124581374|46
118803204|1
118893459|1
116780525|1
136733255|2
129321427|1
104246073|1
118660055|1
116698551|1
120592436|2
118545809|1
1019746726|1
130470988|1
122852354|1
118622897|1
124716792|1
122105818|1
103946268|2
123414245|2
118737147|1
142787922|1
15970572X|1
1037214153|1
124055133|1
118579703|5
118896156|1
117557951|1
143353454|1
117693316|4
134138929|3
118741500|1
132907658|1
10425632X|1
141972637|2
118534793|1
11685376X|1
1017240353|2
118645633|1
118707701|1
117641987|1
119200414|7
100278736|1
123248620|1
118578073|1
1019756535|1
118794868|1
119477661|2
119315416|1
132374412|4
129490121|1
118944053|1
131789635|26
117267090|1
1036387380|1
118738623|4
1017711550|1
123414253|1
118571516|2
136106994|2
118502522|1
131462172|1
115850945|1
102305889|2
122224671|1
117463450|5
100194109|2
102426759|1
117520659|1
121430863|1
100205828|2
118712179|4
121955419|1
122836847|1
124427987|3
116687797|2
11865098X|1
123379636|2
118703714|2
14363755X|1
1011862034|1
12318441X|2
104243899|1
119237512|1
121256154|1
121822338|1
118590243|1
1037664752|3
118541013|2
10426909X|1
117558591|2
119458519|2
118726838|2
12337944X|1
143453327|1
101094108|1
118542192|1
122186923|1
117439916|4
136428983|1
118646192|1
118064940|1
104183365|1
129084964|6
133832376|1
118780735|1
119024284|2
102447748|1
104226277|1
143995316|13
1037240367|1
118722158|1
119097990|2
1011737361|1
118779559|1
138978409|1
124821219|2
123071704|1
118538543|20
116559314|1
119095041|1
119402424|1
116970308|1
13026833X|2
116727365|1
140394524|1
117128988|1
118802380|1
104177195|2
139281509|1
128689900|6
118180053|1
102127139X|1
122944356|1
119215152|1
131929577|6
116436794|1
13646176X|1
100354270|1
119338912|1
124465382|7
121357244|1
122500776|1
116309784|1
118514237|3
142741930|2
118510185|2
13081850X|2
124343791|1
129822272|4
121031926|1
118993992|1
129504998|1
118716921|2
115751750|2
1037194292|1
128444428|1
116750030|1
11872844X|1
1019750219|1
118655477|3
118717855|1
116016248|1
118834886|1
122076419|3
118655671|2
1019731001|2
116991593|1
1019740930|1
119352885|1
116054778|1
100329519|1
123771331|1
142513296|2
10016191X|1
103100423|1
119120984|2
10082708X|1
118806580|1
117263834|6
1019730315|1
118577441|1
116349174|1
121442314|1
103148272|2
135845149|1
118525867|1
122786637|6
103704259X|1
116381620|1
119004615|1
119332795|1
118886673|1
115367918|1
11935523X|1
125009771|1
1019749873|1
118979981|1
132378272|2
140716785|1
119307421|2
118574973|3
135963850|1
1019758724|1
116711086|2
129235318|2
124459129|1
118530135|1
104101008|1
117168998|1
159976456|4
143383698|1
100324258|1
117224774|1
122844416|1
118797697|1
11867532X|1
100092705|1
118864513|1
101973096X|1
118733273|3
132746999|1
134059476|1
12217383X|1
117623334|1
129250988|2
119039842|1
117031933|1
118791508|2
119017385|1
135750024|2
121238539|1
118796968|1
118838881|1
123103126|1
116644109|2
118500074|1
1019728639|1
12443245X|1
118675168|1
130873071|2
101972627X|1
11768998X|1
102425639|2
118619292|2
101975771X|1
128699868|1
102512663|1
120509679|1
1011662922|1
118500651|1
116108010|3
132170175|1
118675192|1
143924338|1
143388894|1
101886007X|1
120172828|1
10243347X|1
118691155|1
116768754|1
139106987|1
1019748451|1
121427978|1
118755285|3
117555312|1
118652389|1
124544886|1
117670790|1
12463933X|1
1036707938|1
1019727306|1
118610066|9
118650130|1
116373164|1
121379264|1
124587380|4
142493279|1
117692360|1
1027540848|1
118605097|1
119180626|2
121708217|1
116562498|1
118693719|1
118768522|1
119177269|8
128475986|1
116935839|1
1019728159|1
115741208|1
1019758678|1
116855533|1
118766678|1
1019745614|1
116519835|1
118544381|2
119341239|1
1036388131|1
104376279|1
1037221710|1
116235373|8
121653382|1
101080956|1
13708207X|1
1019758759|1
118729403|3
11732891X|1
119405024|1
117014613|1
119240823|1
117599352|1
141224967|1
119408953|1
117348120|1
118724436|7
118729446|1
117752215|1
144023199|4
104220503|1
1019739932|1
124866867|1
189375094|2
129033642|1
132617153|1
123666589|1
120101696|1
132073285|1
116070803|1
120167573|1
118880640|24
118792652|2
118600354|2
100340520|2
115743626|2
12441446X|2
117076821|1
117656976|1
133613968|1
119073315|1
136146228|1
121680371|1
118771728|1
128936908|2
128949791|1
129869465|24
11670358X|2
118716913|7
118742221|2
116379944|2
118548174|7
118893017|1
118064959|2
144038064|4
117459275|1
119034611|1
13641401X|3
1037386280|1
118885103|1
13352793X|1
100724833|1
120449137|1
116837918|1
119549999|2
117364541|1
1019759429|1
128594098|1
131645196|2
1019763515|1
101418178X|1
1036869016|1
129082813|1
117237280|1
118543520|4
11560720X|1
119373661|1
1019743131|1
122581830|20
118534912|7
116384565|1
118612409|4
1012953203|1
122635361|1
172049717|1
118838490|1
1019729198|1
117004057|1
143574485|2
116159529|1
118814273|1
118535706|2
100156991|1
142945749|1
11869510X|1
118697498|1
121592464|1
129051381|1
1036753301|1
140845453|1
122061446|1
130227730|1
10211790X|2
11913554X|1
129960896|1
124439888|1
1017249369|2
118560034|3
118742213|3
1020304375|1
100249582|1
115863559|1
173132197|1
118525263|2
120269287|1
129820601|1
118709887|1
1013804848|1
157008916|1
119124378|2
1019750154|1
142729299|1
141238836|3
116877537|3
116197234|1
11718831X|1
1019756128|1
139511997|4
116566582|1
120097249|1
1011663783|2
117448877|1
11860354X|7
1012023516|1
123286255|2
119543192|1
116456272|1
130437514|2
118692674|3
118775731|1
129926647|1
118604899|1
129395633|3
101842668X|2
143887688|7
137601778|1
118583670|2
1012006859|1
121543064|1
11954153X|1
122751965|1
142462659|1
120752212|2
131824945|1
118501860|1
129073970|1
137376634|1
104256621|1
1019729090|1
1019724382|1
121365131|1
118520652|4
118658875|1
123988012|1
123748852|2
1019725915|1
102117470|11
122090438|1
119333945|2
118817167|1
1019750006|1
121488446|1
102279012|1
118041835|4
116518480|1
115666494|1
1023893185|1
104201649|4
11850178X|3
13238518X|1
142565989|2
118797891|14
104367636|1
1011926660|1
131808451|1
11905986X|2
116152249|1
11870155X|1
12325521X|1
1019728809|2
131778293|3
122708016|2
128768452|1
118506668|3
118623249|1
118607057|1
1019729821|1
122165403|1
142585416|1
120456923|1
119209853|2
118687239|1
118586920|1
11864291X|3
118577719|1
1019751819|2
117223794|2
118972006|9
116196521|1
1011600560|1
117311421|2
118978764|2
130882461|2
118683977|3
122180488|42
104347856|3
133281159|1
132258129|1
119363577|13
118837664|1
1019764252|1
1019729473|1
119133377|1
129235679|1
11899591X|1
124662560|1
117184934|1
118645838|1
117126942|1
120227649|2
123480876|1
11612573X|1
118980602|1
121899845|1
118671499|2
11622004X|1
119108542|3
122777204|1
124763618|1
131345680|1
131894285|6
131893556|13
13671465X|4
118834509|13
117563129|1
128816856|1
1015898386|1
115825304|2
108779661|1
118841378|13
118555049|3
1019736682|1
131980416|1
118679422|9
124318460|26
136389139|1
118785990|1
118091352|1
116758856|1
119485125|1
132592290|1
104288825|2
118558862|1
104377852|3
119059614|2
131857770|9
118791281|1
142552070|1
124356087|9
104079908|1
143399535|1
132478692|1
1019737212|1
119379406|1
1011925605|1
104201894|1
116002034|1
116796855|1
1037340116|1
132040611|2
119280957|1
11877350X|2
118701606|1
142124893|1
123091063|2
135904315|1
154770132|1
118558390|12
11569188X|1
11857941X|10
118701223|1
1019758414|1
143096176|1
118628674|1
1018808701|1
129868353|3
131566911|1
1019750987|1
119389304|1
118545213|1
119078244|1
118594214|1
117524263|1
101085729|2
118563319|1
118659588|1
1019747072|1
117677183|1
1019728655|2
118557831|1
118590375|1
115843647|1
116001739|1
118539957|3
121061396|1
123988179|1
117546569|2
118522027|2
138776245|1
116909854|4
136913423|2
130125032|1
119441969|9
124833004|2
102109117|5
103085297|4
1019748591|1
116089547|5
11619281X|2
118854577|1
104130938|1
143375253|1
119527995|1
11860760X|1
132453320|1
118783971|1
120674203|1
124514790|1
118791117|1
101420153|1
137040105|1
1019762462|2
118729411|1
143385321|3
117070963|1
104114010|1
102111588|3
118818805|1
118563386|2
1011451050|1
1019739428|1
122786130|1
137266308|1
118540084|1
118726676|9
133937283|22
1019726903|2
123207606|1
118767208|1
131553429|2
124005314|1
118629662|2
118613200|1
128755733|1
118630105|1
118779141|1
129114383|1
13608432X|1
103728254X|3
116917814|1
115540806|4
1019762551|1
137249101|1
116231661|1
118621513|1
118534629|2
124428177|1
129271691|2
118659529|1
118505076|3
132089912|13
132097621|2
131450719|2
124660231|1
124016626|1
119117029|1
117621676|1
135788005|1
118580485|6
128529741|1
122132807|86
132728052|1
124317650|4
131894919|3
129125601|2
142887811|1
1025317564|1
116284412|1
117367788|1
1019746785|1
117513903|1
11864078X|2
119531879|2
118649469|2
143353845|3
117009229|1
118516744|1
118576089|1
119199335|1
1036634280|1
1037043383|1
122786610|1
1019731443|1
11627817X|1
117126748|2
189412178|1
119286327|1
128350253|1
104113812|3
118773348|1
100443907|8
142690295|1
1037282906|1
118742906|1
121943763|1
1019750820|2
132399946|2
118770721|1
133442071|1
116214376|8
11748783X|3
132032899|1
124317359|1
129981036|1
142954152|1
1016848706|3
118735020|7
119135361|2
118501607|1
140049770|1
118509659|1
118593625|1
119263475|1
104160764|1
132282976|1
11970904X|1
118974173|1
1036841154|1
122188667|1
136231225|1
121332276|1
116481021|2
118534696|1
1027986528|1
118878794|1
122773799|1
100682952|1
142770027|1
118586998|1
11887036X|3
133543285|1
121057623|3
123816637|1
118637606|1
132874792|6
104224266|10
124429254|1
102471584|1
141990716|7
11604277X|1
12200213X|1
115828869|3
131857673|1
118514741|1
118791621|1
1019763248|1
120014424|1
142275603|1
101973065X|2
118656325|2
121417123|1
118828371|8
1019750936|1
11858913X|1
1021280755|1
129641685|1
122582519|3
118549774|1
1012851702|1
117760846|5
136708676|1
115773851|3
1019755229|2
133115283|2
132586843|2
102787344|1
128505087|1
119209349|1
12206318X|1
138887004|1
123184991|2
115680284|1
133839850|1
14350066X|1
116867612|5
118745565|1
122747178|1
117495301|1
118963287|1
131455680|1
118618555|1
118737449|1
120239744|1
118608045|1
117083666|1
118538969|4
128821779|1
11906362X|1
121804569|2
121484858|1
118716891|4
123628083|1
136175937|1
118518208|3
13030204X|1
118621327|8
123989582|17
115880798|1
1019729341|1
1019742720|1
118756532|1
118504223|1
102705224|2
189505680|5
118776649|1
139483705|1
116609389|1
118520040|3
118573713|1
118557394|1
116248130|1
11855736X|1
142450510|1
118637266|1
100869157|1
119447568|1
118679716|1
1019764570|1
121973263|1
140113428|2
118549316|1
1036576000|2
119482231|1
117075744|2
116974656|1
117416487|1
132282879|1
122837606|5
120043955|1
122362675|1
118968572|2
117079510|1
130565393|7
1019729457|2
119188295|1
118687468|2
118520709|2
118512706|1
104170387|5
11878532X|1
118720902|2
137351828|1
1019750693|2
117680729|1
120102153|2
118524283|1
100216447|1
116148012|2
118939734|2
1037339177|1
116652853|1
119289474|3
118650440|1
100954154|1
129185795|2
120251973|1
119063565|1
11910847X|1
121233901|2
117301213|1
116132485|2
115648429|1
118779710|1
117555045|1
11699908X|1
11878191X|1
119186640|5
129925969|2
1011505940|1
142485292|1
118697676|1
174336683|2
124894062|1
100272487|1
1019729244|2
1021352209|1
121922766|1
117615463|3
13066040X|3
117693405|2
124980023|1
104286520|1
141748834|1
118579436|12
130289612|1
124702880|1
122383516|2
12013666X|2
139264787|1
118712039|1
118727788|1
120037912|1
118636707|3
12896278X|1
118572105|1
11698385X|1
137565690|1
123381843|3
118564781|1
120042479|1
12134617X|1
11868633X|2
115666729|1
117532797|1
100811957|1
118987437|2
118658069|1
122376951|2
11758018X|1
140977333|1
1019726296|1
1019755814|1
1019739630|1
129249270|1
1019725575|2
118013289|1
129268534|1
11873668X|2
143957511|1
100123910|5
132122219|1
1011756110|1
1019749717|1
118595415|1
102438870|1
120801809|1
116162449|2
118514881|1
1036575497|1
124713491|1
118693077|1
104043261|1
116265256|1
118717758|1
117673528|1
117486906|1
119008017|1
1034236768|1
118532510|6
104327952|1
102312370|1
140327983|1
1036570517|1
1017827117|1
116904585|1
124192815|1
122934172|29
115831398|5
1036488446|1
136818862|1
119175800|3
124020348|1
1037054164|2
124577989|1
123097959|1
118653938|1
12991021X|1
12225791X|1
118749277|2
118529811|1
118720945|5
118625586|3
1026759897|1
120596113|1
11625159X|1
122996399|16
101343238X|1
102960372|5
118816829|12
116124180|1
118742736|1
1019739479|1
117496782|1
116040122|1
122834720|108
122296931|1
129178683|1
11564976X|1
118976079|1
118647407|2
122200489|1
118954717|2
116781874|1
104142146|70
124459633|2
100235441|2
122750209|6
120969572|1
154903728|1
117247448|1
123767245|1
101973003X|1
118798146|2
118555677|3
117099023|1
11872942X|3
130055158|1
118793977|1
1016847661|1
118613480|3
117259276|1
116481501|1
116174978|1
116119985|1
116775092|4
122834690|5
102436975|2
116254270|1
118960040|1
116373911|1
117486701|2
1019730919|1
104253606|1
116746998|1
118672436|1
118511459|1
11534120X|1
119015056|1
118711539|6
118938363|1
119444887|1
172258332|1
104336641|2
137740506|1
133871150|1
119107252|1
118645323|1
12301882X|2
11742658X|1
118718797|1
122184572|1
10210915X|1
1019758791|1
129756806|1
123690153|68
143383582|1
118703226|5
131600729|9
133801772|1
123338638|1
100121322|1
140116141|1
119283301|1
14399591X|1
104055650|1
121525449|1
122899210|1
118558323|1
136909906|1
139143874|1
118638831|1
116026367|1
117336351|1
13826919X|1
131383027|1
118537229|1
118554700|7
1019336056|1
143848011|1
143004204|2
118650386|1
119222140|1
119103699|1
118788000|2
11850777X|2
1019745584|1
100867871|1
118776797|6
118924001|1
118594702|1
115466126|2
1026692504|1
118725785|1
143340581|1
130310042|1
123418267|1
103126570|3
12401402X|1
119505037|1
123168813|1
121426394|2
143805517|1
1019764686|1
118663968|1
103050159|3
118999370|2
118971344|2
119371421|1
135778387|2
14187869X|1
129178446|1
1036566242|14
116071532|2
118585517|2
118653423|1
117276995|1
130466174|1
118598996|1
1036391469|1
119396637|1
104194715|1
121170020|1
144026961|1
101975110X|1
120736233|1
1036933024|1
142390445|1
118667246|5
11879440X|1
116142367|1
123083052|2
119117673|1
118593234|2
100120393|2
13329269X|1
116636793|1
118943324|1
120912651|1
100376371|1
118727664|4
1019743786|1
11657299X|1
143421735|1
1012060969|6
11878580X|1
118521977|1
119338882|2
118557556|1
121145905|1
1019760532|1
116822961|1
124224644|1
143513982|9
116809299|1
11882077X|8
1019737263|2
118788272|1
122802101|1
104181966|1
139506020|1
118572121|2
118834363|1
120911167|5
129148733|1
103768912|1
122749871|1
120980452|1
11660462X|1
122045742|3
135549442|1
118554190|1
118793691|1
118577867|9
100975321|2
122910532|3
118557750|2
118532464|4
115640061|1
128811528|1
11861486X|1
115826459|6
122558464|4
117529079|1
137821387|1
117088307|5
1012845435|1
143614126|1
119062887|1
119070758|1
133768872|1
118591932|1
1021410217|1
12886673X|2
119046318|1
11856871X|1
118770004|1
116113138|1
128893540|1
124827527|1
118797336|1
121721345|1
118731890|3
139672338|1
1011664461|11
13603599X|1
10116033X|1
130555355|1
101685675X|3
118805746|2
11873377X|1
124720099|2
117295981|1
139094539|1
1019726881|1
118647989|3
11913988X|7
116552115|1
124325440|1
121538109|2
188433910|4
118594761|1
116073349|1
117536563|1
118572954|2
119423863|1
11874528X|1
100882595|1
11858281X|1
1019739533|4
116702729|1
101976547X|1
133003175|1
116292008|1
104288728|1
1037331885|1
1037386450|6
116199601|2
174315899|1
1019744103|1
104288736|4
124221785|1
119165953|1
118622277|2
142121207|1
135680360|1
1037053664|1
132227339|1
122785983|1
116122684|1
116871636|2
116752440|1
118692925|15
101843741X|1
116241993|1
118610465|1
118790536|2
118633112|3
118694316|1
119024918|2
117517755|1
118661086|1
117593338|1
101972482X|1
104196874|1
118578103|1
120387794|1
1013755014|1
118557211|3
121588033|1
116996633|1
118523392|1
132122502|1
116932708|1
100925456|3
122003004|1
104125500|1
129178659|1
124564666|1
142067865|1
118645919|1
124020240|54
1019724250|2
119386313|1
123399327|2
117008389|1
117269611|1
124346529|1
124317316|11
104365242|1
1012061760|1
121895610|1
101150488X|1
116334002|2
143422782|3
132160374|4
104055383|1
1036720160|1
100359035|2
117661856|1
142729728|3
118697943|1
133969479|2
10028759X|1
1037372328|1
102017077|1
123338581|1
130602337|3
118546600|2
119053012|1
100712274|1
1012062538|2
143354418|1
116318767|1
119190311|1
1037239385|1
129415243|1
118618725|2
141993189|1
118575449|15
116397411|1
118578537|2
131992287|2
101974765X|1
137645031|1
117535079|1
119343398|1
10107333X|2
116309695|1
120019329|1
13632391X|1
116074833|3
117592307|1
1033189480|1
119072238|2
130510297|1
104279427|3
1011913127|1
100636209|1
1019740175|1
137212259|1
102463859|1
117128058|1
158691229|2
100272657|1
13232170X|2
151136025|1
118927426|2
122661036|1
118516132|1
139499350|1
1019755199|1
133793249|1
118600265|2
118627848|3
117702420|1
118508288|1
139841873|1
1019749652|1
119473526|2
119060493|1
116216832|1
118551124|2
118807250|1
123018536|24
119498472|2
1019731435|2
118606557|1
135708524|1
104161159|1
142551163|1
1019751908|1
128733578|1
1020718811|1
104068264|1
102598444|1
100974481|1
118640208|13
129738328|4
129059846|1
123672678|1
10043651X|1
120649802|2
12341265X|1
136672736|1
115387056|3
1037283627|1
133886336|1
121760766|2
100142044|1
116899336|1
1037240537|2
118534416|1
122730054|1
11668514X|2
116391863|1
102965358|1
143327445|3
117674559|1
116746599|1
1036856364|3
121471675|1
118945076|1
115504818|1
10190701X|1
118787810|1
128711663|1
101076983|2
118640356|3
11879888X|1
118639110|1
123844932|2
118792431|3
124371868|34
118645048|1
118667203|1
1019763485|1
104264527|1
118606832|2
124543332|1
117258709|6
130326917|1
11861956X|1
124697542|1
116095628|1
10437294X|3
143350587|1
123249090|7
118625063|2
117505471|2
116192909|1
130241210|1
11707215X|4
123748488|2
117541656|1
130256811|1
119714000|1
118014145|1
1019738545|3
118784811|3
11866719X|1
102870055|2
118710788|1
118706292|2
119215780|1
100223559|1
116016787|1
116493577|1
116130741|1
117647985|1
104109076|1
100059570|1
128605049|1
12046747X|4
116960477|1
143560298|1
118540505|1
122032330|1
129444049|7
104286547|1
13428576X|1
117667609|1
122700031|32
123502160|5
121257908|1
118640011|1
120251922|2
118801937|5
13397068X|1
130854220|1
129700002|1
133210774|1
118580744|6
104268190|1
122875443|1
124971261|1
116692456|1
1023405342|1
121729214|2
1032896507|1
104249560|1
143023012|1
100119921|1
10063060X|1
124338674|1
100153747|3
101053800|2
132106817|1
12275297X|32
11769181X|1
117599085|1
130447854|1
118671596|1
101094485|1
11856322X|2
118523171|1
119206064|1
143354930|4
102424850X|1
118837443|1
142837903|1
1019747692|3
13642631X|1
136108334|1
10429244X|1
104318872|1
102830967|1
136803938|1
10437182X|1
154899429|1
11863819X|1
128917318|1
12452379X|1
118807501|1
120289954|1
124358748|3
118603426|9
12237939X|1
118908154|2
119188945|1
118523929|1
12288065X|1
120303388|2
129518212|1
118893750|1
129189391|1
12967575X|1
118806823|1
143383809|2
10108966X|3
11864159X|2
118534432|2
118540424|1
116876433|1
12433539X|45
10418356X|1
116611375|1
118584375|1
1019759925|1
135939585|1
120963477|2
143440039|2
118783270|7
122876903|1
117081051|3
143387588|2
120526549|1
1011996081|3
11872424X|3
133306127|1
1019747617|1
143862111|1
124139388|1
119025493|1
118594710|8
118532502|9
118715496|1
115826483|3
130689459|1
125000820|2
100639313|1
129706434|1
118510762|1
118756095|2
139687408|1
118946099|2
139501924|1
118606115|4
118539612|1
100633218|1
129073601|55
103656598X|1
119151804|1
131783807|6
139567852|1
119077647|5
119472120|2
115379967|2
119130947|1
102506043|1
118941097|1
123338697|19
117509280|1
12870814X|1
116678364|1
119148161|1
100813283|1
1019742178|1
139727604|1
1014810973|1
143033972|1
1024207978|2
117237922|1
117164208|3
1036565491|1
17325148X|1
11856370X|2
118771841|3
122846915|1
118920588|3
143366319|1
118582607|2
116400463|2
119504979|2
119097125|2
130126004|12
1036632458|1
104048174|1
1019743417|1
132798972|2
124657265|1
116938463|1
119523620|1
116352787|1
1013452364|1
104277009|3
1022898280|1
1019763507|1
116885556|2
115431586|1
118718436|1
117685755|1
118960350|2
116323469|2
1019762535|1
1019728752|1
118536540|2
118707264|1
118869442|1
100130186|1
118545094|1
11985404X|1
118525239|3
118592602|1
118624369|1
119387697|1
115750983|1
118757156|5
103092579|2
116167580|1
138974861|1
119357585|5
118678558|4
116436123|1
115807993|3
116295856|1
103764488|1
12296974X|2
11948403X|1
101921721|1
100010385|1
142850063|1
118577956|1
101407602|1
118638106|1
115468277|1
119393336|3
11877865X|2
133705056|1
142414115|1
118574884|1
122080963|1
1019741155|1
119100703|2
1019760702|1
118748270|1
117218456|1
118783246|1
124843778|1
1019057041|1
118709801|1
12007964X|1
1019746238|1
115821872|2
120090066|1
104243430|7
100370934|1
118593846|2
124455298|2
118648594|2
118703234|5
117655023|1
128914696|2
1019729864|1
1019742887|1
100089003|2
100868134|1
122685806|4
117552380|1
119442647|6
118686739|3
1019727810|1
116097108|1
12346630X|1
1019740213|1
118730991|1
129797448|1
1011505746|1
102422680|1
129179493|1
118620428|1
101745115X|1
118548131|1
1019739037|2
124671047|3
136375766|1
11629597X|1
137336039|3
123066212|2
123608775|1
118681028|1
118741292|1
103030077|1
118532200|1
124448259|1
136523129|7
128683066|1
116863498|1
132217554|1
136542891|1
1037338839|1
118541838|1
122981545|1
118685279|1
1036487571|1
118840266|1
118574930|2
1019750227|1
118521608|2
132515393|1
12209025X|1
104304243|20
1019764813|1
120476371|1
128962763|1
118672576|1
133970272|1
1013878159|1
119120712|1
118703218|1
123983150|8
118763903|3
116483547|1
116494603|5
118945777|1
116281928|1
118869272|1
118826085|2
135789052|1
118620606|2
11950202X|1
136628435|1
11852559X|1
117490911|3
121201082|1
104141727|1
100327494|1
133280276|1
118616129|2
1019738405|1
118861042|1
100229263|1
118720074|1
118954830|2
1019750995|1
10427719X|1
11896710X|1
1019725257|1
128736895|1
100269680|1
120067919|1
142922587|1
117600180|1
118974351|1
104078219|2
11862721X|1
123879205|1
118746324|2
118769014|1
13056706X|4
118603701|6
104173734|2
118663704|1
118804448|3
119056151|2
124370535|2
128568828|1
118986155|1
11685765X|1
154752150|1
132649462|1
118501852|6
118634771|11
118801708|1
119294109|1
116175494|5
118753274|1
118605100|1
102458197|1
123206634|1
118537636|1
123258588|1
116995890|1
100690386|1
102356602|1
11870219X|1
140581871|1
118543725|4
104236752|1
133816206|1
119200813|1
119226480|1
102555567|2
117559008|2
104268336|1
124727646|1
131502786|2
133571157|1
137509030|4
119236141|1
117012599|2
123540313|10
132757982|11
135681634|1
120102161|1
119458446|2
118552953|18
1019740469|1
1019742003|2
10434539X|2
1019730889|1
119207826|3
101211376|46
118623796|2
119271575|1
118597914|2
131831011|1
11602299X|1
1017000522|1
101973907X|2
123468493|1
118642375|1
118564994|1
118610937|1
118641425|1
116734086|1
130051969|1
132708558|1
123296749|1
118593854|1
118507850|1
120912619|1
118884352|1
118773763|1
117655546|1
118789554|7
118595237|1
121411028|1
1011849739|1
132681447|1
118659111|1
11875808X|1
12990032X|10
124750664|1
118572024|1
11702922X|1
118570293|3
154591947|1
119095548|2
118512617|5
11954797X|1
124642888|1
100887759|1
118549421|1
123572274|1
117581488|1
1012850072|1
129182931|1
118592912|1
119002108|1
128600187|3
116557338|4
116866918|1
141918365|1
124784550|1
100092624|2
116008652|4
129291714|3
116371250|1
11663801X|1
136375774|1
118751522|3
116096438|21
117689246|1
128636696|1
116370882|1
118557858|2
120417820|2
142510378|1
132266369|1
116476508|1
107005425|1
139081887|1
1013149645|1
1019738332|1
11729327X|6
118808354|1
1019755733|1
104113146|1
1019739207|1
129103985|1
117080586|7
122858506|1
118530585|2
139729275|2
123082978|3
115393056|1
117542687|1
118843680|1
118543237|1
124380468|1
122883055|3
1019760761|1
1018714634|2
139645691|1
118861484|1
101697198|1
121244571|1
118780913|1
119226014|1
118571370|1
129360236|1
1012066029|1
138956227|1
118785648|7
117180890|1
118520237|2
104050934|2
102156433|1
124893511|1
118500597|1
102837422|2
116579625|1
1012153304|1
189412046|1
118755501|1
1037385683|2
116132469|1
118818252|4
118048562|1
1019759208|1
142466360|1
1017256470|1
139988971|1
115598324|1
123400465|1
10422231X|1
139264604|2
119177315|1
116985801|24
116057661|2
117428973|1
121898148|2
138156948|2
135936543|1
118677438|2
121751627|3
116716134|2
143363042|1
128865970|1
118535269|1
104062169|1
1012483886|2
136140785|1
118613898|4
133855376|3
122837657|2
138269262|2
10413660X|3
1011439999|2
115745866|1
120476460|2
116539607|1
118505106|2
118532529|4
123251869|1
1020733527|1
143376551|1
117158623|1
116331240|1
116390409|1
118688731|1
1019757663|6
1036633993|1
133116735|2
118837265|1
116279451|1
136548040|1
116154217|2
118571249|10
117360201|1
118537245|2
1036867846|1
1036742679|1
116906707|1
1016857128|1
1037194233|1
118756087|3
119237547|1
11860368X|1
1019761350|1
100299962|2
118581090|13
121782743|1
1019728477|1
129424021|1
13245498X|3
132860325|1
130525650|1
1036627020|1
14256950X|1
119027585|1
12127683X|8
118738062|2
157593789|1
132080214|1
143439375|1
118517848|2
118756109|8
128854545|1
124290817|1
117524034|1
128900776|1
118620517|1
119171538|1
118802844|1
1019762004|3
100001343|1
118781871|1
143214462|1
117379115|1
1025173481|1
122057562|1
118726056|2
117475890|2
119452855|1
124719791|1
118786695|2
117683523|1
121462013|1
116566671|1
1024779955|1
102479178|1
115497811|2
116219645|1
116109645|1
118047388|41
131351893|1
138377758|1
118556045|7
1019739061|1
104088281|1
1019745479|1
118538535|11
117608092|1
101975088X|2
123214513|2
118712926|1
1011828456|1
118667335|1
115686029|1
104254238|1
118676024|1
129711411|3
124738265|1
118574450|1
131936484|1
118612425|1
100124844|2
117261521|1
124418066|1
118701363|6
11856109X|2
119357437|1
118792822|1
117400238|2
118560158|6
118603027|2
116188235|2
101076614|1
124017274|1
101975074X|1
119469626|1
124333141|6
116553049|2
130075248|2
1019745398|1
1019730811|3
1015469086|3
102418144|1
118809873|3
118595644|1
118609815|2
122533127|2
122856430|2
121936031|3
136788009|3
118554867|1
116216247|1
116227648|1
129767581|1
11678881X|6
137409265|1
123844479|1
118585851|1
101072872|1
118646044|1
124716199|2
119353369|1
11874304X|1
118674420|1
128613297|1
121885968|1
121253465|1
11910637X|1
11855333X|2
1027240135|1
116538937|2
100977480|1
130238422|33
100854516|1
104063955|1
118520377|2
118955179|1
1019257733|1
119200767|4
123729505|1
143374176|1
1012081907|1
100479308|1
1019727721|1
119259745|3
118625810|1
11546705X|1
1011664992|3
119056143|1
13029280X|1
118726005|1
116053852|1
116089180|4
117384224|5
117051543|3
121006220|1
119217120|1
140947116|1
129809500|1
117260754|1
120215721|1
101384327|1
1013363531|1
11857342X|1
124319319|2
116294396|2
129397369|1
100069983|1
118841920|1
118617222|1
121666298|1
123443288|3
118644262|2
118553364|4
118767402|1
118715615|1
11857776X|1
126193312|1
11862119X|1
14335325X|4
118694022|1
122110935|1
11875288X|2
101053037|1
119011395|1
119110814|1
117640719|1
1036483584|12
117543640|1
1016129106|1
104137789|1
189567236|1
104352787|1
118518437|2
122582861|2
136175996|1
1011425890|1
1019752122|2
139483667|13
124368425|2
11900044X|1
104196610|1
136258352|1
100629326|1
129505226|3
118776762|1
118581945|3
154930687|1
100828787|1
124417868|2
120608049|1
102452377|4
143375377|1
118511513|1
1019738324|1
13699749X|1
119325438|1
118524844|1
143240498|1
116798173|2
1011829762|1
115772251|1
143493671|1
11852531X|1
118717642|1
1019749679|1
118623788|1
118678477|1
124364837|3
118513915|1
117116092|2
117672645|1
118610074|1
123097916|2
135923999|3
124414559|4
118627198|2
102104024X|1
122922999|1
118792385|3
128846712|2
102120137|1
1019738979|3
11583088X|4
132120526|1
116909226|1
121579484|10
122557840|1
121389499|1
14323708X|1
1026995329|1
12870750X|1
118117297|1
115635998|1
118519131|2
116818905|2
100599559|1
120933748|1
100875580|1
117283436|1
12303566X|2
1019759224|1
118535455|1
120533251|2
132592320|1
118641190|1
1025125169|1
118502255|1
118983431|2
120097494|1
118697064|26
11857566X|3
122188322|1
118552457|1
1019746165|1
101752128X|1
117130028|1
123581478|1
118643622|1
118582143|1
1037212266|1
118945173|1
116445645|1
118739549|5
104108916|1
143500287|2
136809839|1
1019741066|1
118564064|1
130062936|4
11889157X|2
133125165|1
136069053|2
139538429|5
120580497|2
100796923|1
136325017|1
131649248|1
124653812|1
10424366X|2
1019775386|1
118710648|1
116458607|1
1023896532|3
122760506|1
1037210727|1
118770500|2
100026990|1
118760688|1
1019728256|1
1019749067|1
104193336|1
116771658|1
118808230|1
119489694|1
118553321|2
117764310|1
11893094X|6
119046547|1
1018248242|1
1037665597|1
117417904|2
123097924|4
143439510|2
118894528|1
118535803|4
121389472|4
123018633|5
119504707|1
1012152618|1
118597787|7
11871886X|1
143020757|1
116782838|1
117592757|1
100142036|1
122852648|1
118743996|3
118744771|6
11936137X|1
104120274|3
139725938|1
118627813|8
118706950|1
118542907|1
116188626|1
176138668|2
132268825|1
101910631X|1
118632892|1
102417954|1
117614998|1
130422517|8
104164263|1
118630067|39
118963066|1
117019933|1
118745085|1
115684476|1
100020666|1
123393094|2
118512250|1
118544365|1
14137005X|1
116581530|1
117026212|1
118511963|2
1019727233|1
13336903X|1
1037240006|1
1020812044|1
124020046|11
117487910|1
116177314|1
124290256|1
118905422|1
173026419|1
118987852|1
104350253|1
117009199|1
1031429069|1
128572086|5
100173608|1
118696211|1
1037330889|5
116563222|1
118675303|1
134004655|1
11752493X|1
1036477754|1
117444790|2
123091047|7
1019737964|1
116384301|1
117033405|1
1011912651|1
117316369|2
118512293|1
11851850X|1
132603691|1
118786792|3
116372354|1
100208428|1
118640941|1
116986417|1
138275009|1
119106868|3
101942656X|1
124705332|1
142662038|1
135672422|3
118612344|1
118669184|1
140002472|1
1036634302|4
104356936|1
116691328|1
117016462|1
15526527X|1
10416400X|1
128683589|44
117652830|1
118591177|1
1019751401|1
1016772688|1
135904943|5
118893300|2
118596047|3
119080648|1
137916876|1
118622110|1
129230316|3
1019670215|1
14336295X|1
102111871|1
100804500|2
103439830X|2
130444138|1
116991615|1
118516868|1
11858331X|8
108792846|1
118543733|3
124351549|7
100796958|3
118635433|1
121700011|1
130270466|2
118511882|5
1019765348|2
116154446|2
118552805|1
118682342|2
116866446|3
116556161|2
101996292|1
119120631|1
118684329|1
116294485|1
118731912|1
118548565|1
1020172193|1
124668526|2
118805762|1
124651380|1
118685201|4
129694347|2
1017439508|1
122954475|1
12308007X|52
11853596X|7
123417600|1
118683667|1
120436493|1
121147185|3
103091505|1
119303108|2
131568701|2
1019749024|1
123774896|1
118560565|6
122836588|2
100382452|1
118988328|2
116061146|1
1019730935|1
120409232|4
116146826|149
118589717|2
143374087|1
117602744|1
104229535|1
133552772|1
1019749911|1
100567630|1
124687261|1
1017637717|2
1019727225|1
121363201|1
102506205|1
120197820|1
137848439|1
1019758899|2
120159406|1
104122021|1
124575250|1
139994432|1
100579132|2
117148261|1
118718533|1
118599224|1
1032810564|1
119172054|1
136804543|1
1019750278|1
118523708|5
1019761989|1
119315238|1
118507893|1
118519182|1
104146214|1
118514814|1
11869362X|14
129633151|1
11873038X|1
116056622|2
1018679626|1
115825126|7
115553010|1
124269982|3
1036969118|1
118546139|1
122038754|1
133430367|2
118828460|1
129174327|3
115829784|1
1019758562|1
117181803|1
122185218|1
132284960|1
103147063|1
118616315|1
1019741554|1
117412899|1
118632868|3
102440174|2
131858742|6
143439634|1
119115212|1
106176188|4
172153166|1
118561723|1
120779285|1
115877878|2
11611746X|1
1011596032|1
117479322|1
101315116X|2
118527614|2
119248166|1
118792393|6
11692960X|1
11860645X|1
100171842|1
118619861|1
131734350|1
123494397|3
116779209|1
133453677|1
118626876|2
117577979|1
104243449|6
118978128|1
118560743|1
142015873|1
136139329|1
12890285X|1
116935391|2
115842020|12
122871782|4
119457415|1
117117153|1
130605506|1
130857084|1
118518305|5
1019724595|1
100863892|1
118689339|1
124419305|1
116942738|1
142944556|2
116461837|1
139788271|1
117419052|1
103106782|1
118583573|6
1035326191|2
100232345|1
119369303|1
130008516|2
142076627|1
118678752|1
129486434|1
118977636|2
118539337|1
10918825X|1
130348945|1
118545221|2
119312700|1
117216402|6
1018180788|3
131581481|1
1011927802|1
121997715|2
121564568|1
124775802|1
11623685X|10
118547453|1
1019740639|1
118722603|1
118869701|1
116388463|4
119139162|7
100444350|3
120340399|1
12887189X|2
104193360|2
129797561|2
11949213X|4
103657170X|1
103764852|1
121557502|1
142530344|1
118529870|3
100355471|1
119229102|3
1026761956|1
131893998|1
124444822|3
100350607|2
117663689|1
121910504|1
1019724862|2
130096563|1
179432389|2
117078719|1
1037010132|1
118534483|1
133857999|1
118626914|1
118579428|3
119545209|1
104137738|1
118834657|3
118824759|15
118547607|1
117678945|1
129758841|2
102999244|1
116599006|1
118854976|1
104073950|1
121352102|1
124013643|1
119539780|2
118605089|1
118633600|2
142575739|1
118854879|1
118644270|1
119180936|1
100867022|5
119222965|1
128927534|1
116212918|1
118713159|1
140391843|1
11948529X|1
129246980|2
1019730846|1
118910361|2
124432484|1
101102240|1
189489464|1
137553935|1
126888213|1
115636978|1
12930655X|1
143237489|2
123395739|2
1019763620|1
132249596|2
100457983|1
104346183|2
175189218|1
118615076|2
116008385|1
116011459|1
1037214846|1
116974702|4
143945491|2
116731656|1
117278882|1
128597763|13
132178133|2
116516828|1
1012331415|1
11879938X|1
1011600064|2
118613723|2
130487341|1
118731998|1
118565184|1
116625724|1
117304999|2
123076439|1
1012739287|1
118644327|1
119560224|1
1023703831|1
118668048|1
116699442|1
12204584X|2
1019738928|1
123354471|2
120101211|2
118680897|1
118504282|1
13605160X|1
104268115|1
142573000|1
101099592|1
1019725931|2
119735156|1
11702290X|1
119275155|1
124701531|1
118046241|1
1019726989|1
1014107377|1
118956507|22
118550756|4
129182753|8
120823632|1
118933876|1
118737627|1
116056517|2
129269484|5
1019757612|1
1011505576|1
117044350|1
123258804|1
117455563|1
121379752|10
1019736607|1
1011749254|1
119098229|1
118681230|1
122847431|1
118614576|2
118931091|1
13910321X|1
1019745002|2
116303387|3
117675482|1
118804634|1
123397316|1
118703404|1
118554727|1
1019740787|1
100276199|1
1019750561|2
143441914|1
101975849X|1
115593993|1
174249594|1
104356812|2
142036056|2
1019724307|1
130513474|1
118684728|1
116026715|1
123372801|1
143377671|1
116525185|1
129759279|1
1037278798|1
13206488X|2
118599372|4
121124797|1
120524678|2
122930037|2
12355232X|5
1019749571|1
118632906|1
13347948X|2
119501449|1
137579543|1
1020325984|14
1024094413|1
136233538|1
118824651|1
119102757|1
1021052140|1
118937170|1
118517082|1
143498029|1
102550018|2
140252150|1
101292341X|1
118047418|36
122789148|1
118725920|6
12017846X|1
119154161|3
118905708|1
123325633|13
100952186|1
1036247554|1
124928714|1
104155035|1
102830339|1
115430571|7
131366629|1
121465055|1
118734180|2
118557432|2
139078207|1
117154547|1
119243288|1
1019740361|1
118828622|1
118768441|1
11808870X|2
119022524|1
11881169X|1
118753282|1
118518275|3
121986500|3
118731696|2
104372923|3
129810185|1
118552465|1
121820793|1
129249025|5
124456154|1
104139811|1
122019687|58
116266945|1
1019739835|2
104243597|1
119244292|1
116152168|2
142564583|1
118577786|1
1019896957|1
119353393|1
100715575|2
101056109|2
128920459|2
1019763922|1
102109028|2
102548854|1
118523813|1
122803930|1
122235401|4
122593677|1
117139203|1
116562463|1
136787673|1
100311032|1
100414729|1
188439935|1
13160077X|1
115387668|1
13218821X|2
122761448|1
1019738073|1
118508121|1
128946784|1
118553461|3
123023386|1
132726920|1
117592692|2
118779893|4
122261585|1
118622358|2
116524030|1
118575279|1
118616374|1
143611747|2
117579734|2
133241068|1
118558420|1
131858874|1
124215599|3
118558331|1
136571875|2
1019757957|1
117546011|6
100160921|2
101115946|1
115419640|1
118500619|1
118589520|1
129570877|1
124975976|1
102035202|1
11862220X|4
118560093|11
101332742|1
118601563|2
117399876|2
11912081X|1
115819258|1
119512742|1
116149566|1
117591599|1
117453889|1
118586939|3
128920335|3
119178958|1
116207701|2
116200170|1
136812473|2
1036948579|1
124681255|1
123097568|1
134258304|19
120754371|1
122850823|1
118667505|1
1037360788|1
133637484|1
118561162|1
130350311|1
124708617|1
12364433X|1
118655329|1
129084735|1
118742752|1
104254130|1
100636438|1
130178535|1
111000092|1
1019758821|1
1019755474|1
137701209|1
119315130|1
101996152|1
104314095|1
115775854|1
124461662|1
100202284|1
1025720652|1
118564633|1
129411728|2
103151699|1
129570516|2
116059850|1
116004037|1
116955449|2
101878141|2
115649735|1
129813885|2
101063024|5
119114771|1
129374547|1
122297229|36
118560190|6
121217760|1
1036573524|3
117387436|2
129078506|1
128503580|4
138517576|1
118615610|1
118686704|6
131517155|1
1019748613|1
11865862X|1
118822748|46
119308169|1
118689649|1
12338432X|1
117066915|1
117028568|1
11631754X|1
118632876|2
118656880|1
1019749806|1
117027219|1
118666029|2
135955696|1
117450367|1
117491950|1
117550361|2
118531514|1
118854801|1
1019748168|2
118502875|2
1017076367|1
1019726342|1
120293382|1
100998445|1
116595949|2
12430494X|1
119493357|1
116058544|1
104268301|2
100052223|1
119420007|1
118818880|1
119030667|2
11766555X|1
117628131|2
11858233X|1
104198419|2
118535757|1
118605941|6
118803417|2
118767089|1
118755366|2
143374761|1
138854645|6
121065421|1
11853856X|1
137673620|2
128405198|1
1012258076|1
121109097|2
1019737182|1
118525697|9
1033677787|1
129114677|1
119349248|5
129205427|1
118505505|1
124418236|1
129981117|1
1019742216|1
122269071|2
122988426|1
103736130X|5
1019740876|1
116275197|1
143871455|1
136169961|1
124217478|1
1011927241|1
117079979|1
118682849|1
104173882|1
118645927|1
102017433|1
123412625|1
119079925|1
101974328X|1
119296055|1
119524767|1
11933075X|3
117517895|1
118824775|1
118603078|63
181913232|1
13352762X|1
130537993|1
131905015|1
117677256|1
129315168|1
118720856|7
100262260|1
118711962|2
102104395|1
123429145|3
104158255|1
122734076|1
128868627|1
129685844|1
1019738715|1
1037281926|1
100042910|2
124192912|1
142581461|2
123044677|1
1037360117|1
116532262|1
117514683|1
118647733|1
118712381|4
1011992736|1
116146761|1
120634228|1
119546159|1
118599976|1
127563008|1
118928171|1
118550772|2
118532847|1
100150853|1
11750906X|1
122089154|2
132303787|1
118720961|2
128681284|1
118530887|2
116345497|1
100295886|2
118659820|1
11688410X|1
122834488|1
118959360|1
117620483|1
1037046706|1
131382659|1
133616517|1
116298642|1
117162981|1
119352540|4
1037283570|1
117585637|1
121754170|2
119244055|2
100897142|1
118506056|1
118619314|1
132040557|1
117553875|1
10421631X|2
116584459|8
12193358X|1
118623044|1
129788236|1
117604739|1
122823583|1
117429732|1
11860130X|1
128893524|1
118660276|1
142837865|1
102508569|2
102571929|1
117145785|1
119144646|3
119387123|1
118531948|1
118630369|5
130126780|1
116879483|1
119169002|1
100203507|1
17325182X|1
129705543|1
1012113949|1
137738781|1
118680358|2
118720953|4
118806009|2
118723049|4
1036714020|1
118528068|2
118529935|1
121160777|2
116885963|1
121372723|2
118775553|2
118775952|1
132284987|1
12401741X|1
128893451|5
11734057X|1
124003230|3
116166401|3
103111816|1
14207649X|1
122496671|2
116850965|1
122968840|1
117147206|1
130847496|1
1013837525|1
13200657X|3
128559098|1
118528386|25
117587826|1
104221224|5
118575775|2
118549480|2
100999719|2
118672355|2
1012067289|1
118675591|1
118064657|9
118978675|1
120462834|1
118810936|1
117085820|1
119171481|1
122304063|6
129978795|1
118720554|3
115363688|1
117158208|1
119034964|1
122781961|27
122069447|2
117125741|1
129679860|1
119419645|1
127409017|1
136715621|1
11864758X|1
104047410|1
124605397|1
118981722|1
118535994|2
124014291|1
143412388|1
118680749|2
116678909|1
118689150|1
118586173|1
124809383|1
119184281|1
135868157|1
115430830|1
122834585|20
116208503|2
131688316|1
119024144|1
100644783|2
102862907|1
1019740582|1
118586378|1
117432504|1
123905613|4
118553453|7
122994108|1
122803574|1
118626353|1
100277608|1
1019750685|4
116003383|1
11859544X|2
117605352|3
121988511|2
12973120X|1
118531735|1
118795937|1
1019748699|1
101041535|3
1037007840|1
116854006|1
116770171|1
104196750|1
116457562|3
121838692|1
131447416|31
119354780|1
134093879|2
115864415|2
130866210|1
117360708|1
118758926|2
117585432|1
143236229|1
116644494|1
118738178|1
130511676|2
137896646|1
118747975|1
11726539X|2
104322500|1
118753495|5
1011713586|1
104266546|1
118541706|2
11859382X|3
118601024|1
115849513|1
130525278|1
1019737042|1
116650826|1
104365064|1
101927495|1
117055530|1
102282099|1
118706462|1
11878370X|1
129040053|2
116335238|1
118880411|1
116912731|4
138381887|1
120916363|1
118693522|4
115746854|1
121987000|1
120526913|1
100190928|1
100722245|1
100408818|1
118578715|1
104049995|1
11708719X|3
12989432X|1
100793037|2
130490318|1
1011970910|1
118831429|1
104280891|1
104205792|2
123401720|1
128938811|2
115772049|1
118727508|1
118766686|1
102574006|2
118521748|1
120691515|1
116880481|2
116776021|1
118508318|1
100444873|1
132828855|1
119272555|2
128893109|17
1011829029|9
118553569|4
1032517425|1
118684353|2
118835785|1
124853870|1
1019739053|1
119047772|1
120167166|1
122008332|1
140390197|1
118593870|4
1019749865|1
1019745649|1
118594893|1
131974890|2
119003554|1
118777025|5
116839201|1
118583387|1
11940818X|1
119320207|6
118752715|2
118808443|3
118787357|1
1036575322|16
124368514|1
120163217|1
124607187|1
119350920|1
10099721X|1
118951432|1
117154202|2
130470139|1
119187620|3
100830013|1
104133309|1
104276819|34
118547895|1
11861391X|1
11873931X|1
120538253|1
1016849850|1
117150673|1
129309443|3
1019743255|2
118610058|1
118777599|1
101974846X|1
123524237|1
104051221|2
101453089X|1
1012149846|1
1037222814|1
117550426|3
103143556|4
118670468|1
157899969|1
122338030|2
117571016|2
141557575|1
116981482|1
117321834|1
10190505X|2
116490276|1
103765107|3
116488581|1
10359423X|1
118720880|1
103070990|1
116645148|1
104086491|1
122338391|1
116611316|1
11870382X|9
1019759062|3
1019737565|3
1011887940|1
118616781|2
101300239|1
119116405|1
121809196|1
1019741198|1
128886838|1
108159078|2
116502215|1
100227392|2
100706509|1
1012196771|1
1019745061|2
1036633683|1
119145936|1
121088642|1
143375784|3
121174379|1
1037045718|1
116252332|1
118731610|1
118521470|1
118740008|1
118517104|4
130614386|1
118617109|1
11629633X|1
11878885X|3
118508636|2
117214388|1
118517708|1
130108200|2
118706608|15
118795015|2
1019761377|1
128397853|1
132304562|1
100807119|1
118753711|3
118911767|1
118529358|1
12907313X|1
117625809|1
124136036|1
130420859|1
118684043|1
120416689|1
135551455|1
11851640X|1
136299431|1
116574216|1
104092033|1
122740947|1
11909990X|4
1026340128|1
118676059|7
1019745967|2
118560166|7
117533947|1
12469070X|1
122897811|1
118676865|1
118656961|1
129100730|2
118849263|1
122235800|39
130552895|1
1019763302|1
11893810X|2
118788345|1
137373260|1
104183764|2
118540300|1
142756865|1
104276185|1
139940154|2
118522353|1
121135462|1
129582468|1
1019765941|1
118503863|1
101174631X|1
14200541X|4
118620169|1
129556025|1
130189642|2
119104520|1
119064332|2
117617032|1
116920033|1
101052677|2
118739069|1
124164439|1
118665340|1
121554503|2
180253980|1
118632272|1
118857673|1
117011231|1
1020054441|1
120719606|1
132049295|2
121978788|1
118965018|1
123595630|1
1019727950|1
101099398|2
102066647|1
122730313|2
119473798|1
116873655|1
137975449|1
1019745924|1
129408328|8
117176052|1
119023164|1
116888571|2
11907771X|1
118901435|1
1038012775|1
128653965|29
118572628|1
1019100885|1
12939159X|2
118554751|1
123090393|1
123038162|1
100503225|1
11867353X|1
143740091|1
1037006704|1
118810944|2
143472194|1
120178176|1
115846433|1
118576518|2
117750891|1
118621793|1
116673257|1
118635867|1
117646954|1
118743368|2
122252802|1
118952269|1
143511033|1
117376280|1
118802712|1
118537253|1
116559977|2
100805019|2
118863371|1
118781529|1
11633780X|1
118577468|2
118712497|2
116216174|1
1036868575|1
1019739878|1
118574248|1
130149551|1
101972689X|1
130468827|1
131679031|1
119323060|1
118729438|12
119529009|1
118534572|1
122834739|1
119264536|1
121455025|1
129589292|1
1037386868|3
10251190X|1
11952452X|1
119160978|5
100375235|1
1019730005|1
130599093|1
115667156|1
124391591|2
1026793327|1
11885500X|46
119544717|1
119107767|2
1024430561|1
118767003|2
123907780|1
124013821|2
118718657|1
132741288|2
118604449|1
101221365X|1
12970475X|1
121126978|2
143341847|1
128678232|1
1012727599|1
123418224|1
119463687|1
118834541|1
133949788|2
118655930|1
118568930|2
120067609|1
130864366|1
116379480|1
123017416|1
118810898|3
1036633837|1
100144489|1
102472203|2
119272334|2
133490033|1
154929719|1
116195061|1
118607960|1
119044757|2
11859527X|1
117648191|1
117440280|2
117073873|3
141426497|1
143318063|1
122040600|1
118559389|1
12954146X|2
1023977095|5
129535060|6
1019747331|1
123211492|1
127873015|3
136232914|1
138485364|1
142568538|1
122834402|2
118573063|1
118505084|8
118517252|2
100217281|1
116725346|1
1019752157|2
122782038|1
118708171|1
123730643|7
11910539X|1
1019738960|1
118704249|1
119007525|1
1026172829|1
1019742917|2
133505251|1
101973793X|1
122495772|1
117596965|1
119230011|1
118589385|1
118587544|2
116030542|1
1037281047|1
122189558|8
1019731060|1
12170050X|1
120935902|1
159716802|1
116661321|1
118605232|1
100081673|2
13592457X|1
12246883X|1
101390203|1
122034643|1
122420705|1
118590200|7
13937986X|1
118535196|4
118581074|1
118593811|1
117464368|1
118781421|1
117154121|1
118617273|2
118708562|1
118751719|1
125560206|1
104206489|1
118565273|1
119090198|2
122764749|1
118532960|1
118512749|1
156113481|2
119536455|1
117676772|2
12497922X|1
117225967|1
1037189086|1
118729063|1
1037385446|1
117530476|1
118794078|2
116754974|4
117147915|1
123438675|2
117607266|1
118722298|2
130452696|1
128871202|1
129039659|1
102463026|1
118611275|2
11954802X|1
100280560|1
136550614|1
101975947X|2
1036634221|1
123388783|3
116669071|2
123045347|51
118638521|1
116190809|3
12306628X|1
1019764627|1
128651431|1
119258951|1
118958410|4
141561769|1
123333601|1
118514318|1
102669633X|1
119095777|5
116725966|1
101916582|1
130162302|2
119301008|1
104358165|1
122837436|3
14363660X|1
119115204|1
100730019|1
128599367|4
139489207|1
116332921|1
128424540|1
137352298|2
118773178|2
1019729465|1
115854215|2
13024449X|1
121803538|2
102464294|3
116023961|4
116217014|2
129847798|1
121074706|9
102532060|1
115842004|3
118608746|1
117610097|1
103072764|1
124502261|1
118649361|1
11863707X|2
11624741X|1
1019741503|3
1019757906|1
115603328|1
130458813|1
1013271912|1
102324212|2
11875940X|1
137467974|1
174331592|1
12348796X|1
102259950X|1
124647227|1
1019756268|1
118773712|1
11852464X|1
11879535X|1
118778994|2
102412324|1
104211520|1
11880345X|1
115374957|1
116850663|2
128442867|1
128694459|27
115752749|2
123301319|4
119086395|1
117644161|2
12316883X|1
118974742|1
122040961|1
116352191|4
1036574105|1
1018376615|2
129718025|1
104098503|1
118574949|5
122914074|1
116163585|1
1017829470|1
118590480|1
11582894X|14
133362795|1
116978775|1
129050164|1
124277497|1
124798225|2
129646067|1
137749139|1
115524169|2
1019741260|5
118593943|1
1019743360|1
118619470|2
132362775|1
1019727802|4
118850245|1
118587943|1
118668900|1
118892959|1
129365564|1
118714570|1
118563076|1
134106997|1
117135860|1
12279155X|1
1012181634|1
116433280|1
100206522|1
118672363|1
124387497|12
120869861|1
123117690|1
13856471X|1
119879727|1
116282061|12
122616928|1
1019758481|1
124118895|1
117422916|1
118961780|1
116374594|1
118670387|1
122150325|13
1019724463|2
124501990|1
122076311|8
118560115|14
100101844|1
101413211|1
10056495X|1
120158388|28
103125434|2
119521431|2
122831780|2
100409075|1
1019742380|1
134011341|1
130066176|2
128940344|1
118518917|1
118808524|1
136401066|1
121804364|1
119233096|1
133413527|1
123004683|1
1019727853|1
118524461|2
133632431|1
119787806|1
122664310|1
117698377|1
104197943|2
1019757574|1
115754733|1
118599712|1
118541102|1
104098856|1
104142197|2
124542603|1
1031947523|26
123251117|1
118604937|1
141286008|3
11924358X|1
136025854|1
116389001|1
100074642|1
12315829X|1
118713140|2
124676480|2
118610953|1
138475245|1
120801965|1
118686690|1
118825186|1
11872116X|3
1037187865|1
118545655|1
1037239547|1
1012242498|2
119076950|1
116121467|2
124290736|1
124014275|7
100308023|1
142723177|1
118509675|1
139410732|2
118694995|1
134105001|1
118953397|1
118554948|4
119191180|1
122866681|1
119105691|3
1011677067|1
116954590|1
132210843|1
104378824|1
129528048|1
104229632|1
1019727276|1
118597051|2
116484276|1
104357800|3
116995785|1
118836862|1
102030081|1
102492603|2
117487457|1
117220868|2
118834487|2
135574900|1
117255335|1
116356685|1
137750781|1
119114445|1
118716859|1
121043878|10
11553086X|1
172514533|1
118734547|1
118580914|4
118534017|1
118796089|1
119064324|1
124697216|1
1018776109|3
101919158|2
118542761|1
117696218|1
122549023|3
119075962|1
124712592|1
118820745|1
1019725664|2
104069139|1
104138033|2
130626848|1
117276502|2
118579355|12
118736515|7
129254991|1
118577824|2
115699805|1
1019760427|1
118955942|1
121947211|1
117752266|2
13004976X|1
11757287X|1
122773683|1
119528517|1
118838598|1
130336491|2
124702325|1
117552100|1
118535749|35
103760997|1
118579398|5
128989017|1
119467836|1
118692895|3
101074727|1
1012081710|1
116050314|1
116732725|1
142155322|2
128430087|1
1022896598|1
128429070|7
100085725|7
116524073|15
119118807|1
118680846|1
141996285|2
101228694|1
13826922X|1
137367279|1
118619853|2
139625666|1
104196114|4
122185579|2
118748416|1
118717286|1
1037280598|1
128694378|15
124363261|1
118508466|1
118647008|1
100445349|1
119059436|1
118509969|1
118922106|1
137158289|1
124832946|1
118575430|3
118778811|2
101354904X|1
118642286|1
118771760|2
103124829|1
123078369|12
118847317|3
119240122|2
118638076|1
118571869|26
117539252|5
1019748192|1
118652885|1
122953673|1
1016845626|1
118792970|1
118938436|1
10030186X|1
129744190|1
118584146|2
1021394025|1
118883151|1
1016699441|1
118559796|2
132366126|14
1037192443|1
103142479|1
1019758279|1
116851430|1
118880357|1
122834356|5
1019746106|1
10416137X|1
1023587459|1
11855042X|1
117621250|1
124226752|1
107838877|1
142565113|4
138274614|1
103749527|1
104224282|2
129786578|2
123260035|1
118535986|3
140218971|1
118579363|1
117045225|1
116959436|1
118632884|1
119238500|2
12848859X|1
115732624|1
131974858|1
118789023|2
122011600|2
120455080|1
115749438|8
1019728620|1
104244933|3
118774735|1
136310095|1
137318979|1
130017493|1
118820214|3
1019737832|2
10413576X|1
118967436|2
1036869962|1
131877917|1
115849467|2
104183349|1
118751972|2
13146471X|1
101363184|1
119115824|2
118783041|1
137844662|1
13707994X|2
115864849|1
119059428|2
1019755369|1
118523880|1
121396991|4
117009709|1
118555855|1
1021350915|1
118553216|1
11655536X|1
123880815|1
117332895|1
118560107|28
118692445|1
102115478|3
122456874|1
116853832|1
117616354|1
122777514|1
115616276|1
137835264|1
1019758171|1
1019743123|1
1019746041|1
118588079|1
117181099|1
101421885|1
142625744|1
129381020|1
128380993|1
1024382524|1
143912291|1
1027134599|1
118728245|1
130620416|1
122748883|1
1019757175|1
1019738804|1
1024203778|1
11706050X|1
116154632|1
1019736747|1
117262692|3
136765955|1
130530077|1
118577891|3
121364984|1
1034298194|1
118599887|3
123366577|1
120067110|1
137096097|1
118700421|2
124288502|1
118747118|1
1019740019|1
118512722|99
118644416|1
11693137X|1
123976685|1
122746848|8
119334208|1
121102491|1
102486263|3
121894274|5
13245226X|1
116251743|1
116709685|1
138000484|1
116743646|3
124525636|1
12028300X|1
1019740981|1
118800310|1
12203418X|10
130392693|2
1012262979|1
118545906|1
118573535|1
118535730|14
11950300X|1
10086080X|1
116206608|1
1019741589|1
104106042|1
120091550|1
124204465|1
129126977|1
117417092|1
136508197|1
133565882|1
117643610|4
1037192796|2
132662558|1
116976659|1
115866558|1
128836989|1
118577409|1
118605534|1
1019761334|1
119728494|2
104055987|1
122063317|2
122836510|3
118797999|1
129488038|1
117602426|1
120535890|1
104242817|1
117035297|4
116955066|1
11758052X|1
120741326|1
119538342|1
119438046|1
104187220|1
118604813|1
117006084|2
124727387|1
102360847|1
1019739584|1
122053060|8
129271241|60
119453363|1
122121430|1
122651634|2
1037232720|1
142334154|1
118616226|5
119546256|5
118804537|3
116052546|1
118647652|1
118930915|2
1022917056|1
11871693X|2
120286920|1
116976349|1
119239353|1
11869314X|1
119369958|1
119308339|1
118703188|2
1033824550|1
118765728|3
129591432|1
118913859|2
123984599|8
122589734|1
1019728132|1
123546850|4
118938096|1
119041626|1
11898456X|1
118134205|1
1036934047|1
11851685X|2
10308052X|1
100613365|1
1012009319|1
117674214|3
100572251|1
121590151|1
1021351415|1
121119424|4
1019737069|3
120628104|1
118597442|2
119849321|2
12876340X|1
118513141|2
1019743069|1
12282492X|2
1019762187|1
122299981|1
1019739762|1
1019737425|1
100342116|1
121890198|16
1019729651|1
118840452|1
142020672|1
142832936|1
11876196X|2
101384203|1
118602667|3
118794396|16
153576162|1
1036745406|1
101071515|2
1019737956|1
1036565068|1
119078775|1
1019762500|1
104045469|1
118716816|1
13186825X|2
121456935|94
122181972|1
104136529|3
1019748575|1
129271292|5
130574805|1
1019729910|1
116859474|1
100132308|2
129102687|1
118620916|1
119502992|1
115392378|1
118696602|1
132882817|2
1019765216|1
11855347X|1
1037193601|1
115389385|12
118607782|2
1037283368|1
119020459|1
118560026|2
129714321|1
122854691|1
12482837X|1
102534357|1
118662309|1
123620260|1
116215372|3
138541922|2
128396806|1
118748386|1
124530877|1
101059434|1
119010186|4
118518534|1
137849141|1
123248760|1
118656910|1
118622323|4
121588270|2
103696633X|1
1013151933|1
136669824|1
129113638|1
118570099|1
118595628|1
1019763221|1
118558404|27
117649139|1
1023843773|1
118806645|5
121772799|1
118674471|1
132366304|1
102403503|1
103769544|35
143846299|1
123383528|13
118677004|1
12631683X|1
121297012|1
1019731680|1
1031197869|1
103657489X|3
118598775|1
119021048|1
123880548|1
100318347|1
138771316|2
123210240|1
118706276|1
118991280|1
121379205|1
118598848|1
122943961|2
118534688|3
129188549|1
104245565|1
118513176|1
118591924|7
117155780|1
118639331|1
100696198|1
120861712|1
1036387801|1
119151456|1
119034573|1
100707092|1
116346043|1
121199630|1
118545892|1
122824458|2
124716822|1
116332964|1
102104387|3
117587214|1
1019741937|2
119024845|1
122801253|1
118754815|1
116935227|1
118768247|1
121738051|1
117225045|1
12844925X|2
100607578|1
115666834|1
119101998|1
118627171|3
119048388|1
118580779|1
122165314|1
120105659|6
1018035338|1
117239011|1
119368757|1
100386520|1
104254882|1
104133465|1
100100465|1
121772624|1
119023288|1
123436877|1
116074809|1
136876161|1
118745603|1
118714120|1
116479906|1
118588095|10
116256478|1
138971471|1
117735760|1
117546070|1
102093946|1
1019738790|2
104268565|1
118520814|4
142707953|1
119446707|1
135678226|4
124816738|1
117687898|1
104139137|1
118524801|1
115773738|1
1037208102|1
118560182|1
117006181|1
116048611|1
118519700|1
123599873|1
118521691|2
133669238|1
1019763930|1
118645900|1
11879728X|1
118634496|1
120464721|2
119469081|1
118723367|2
120079666|1
102568219|1
1012812766|1
116040149|4
138702489|2
115379088|1
129918490|1
1018266011|1
1011448920|1
122574230|1
141755393|1
105225282|1
138422591|1
118910906|4
121329151|2
117348295|1
14286191X|1
11880362X|1
118512234|2
132302918|1
117578290|1
104377674|1
1036635074|1
1017599777|2
100029752|10
121584097|1
11857938X|3
118515780|2
143919539|1
124101070|59
1011868989|1
12155676X|1
139712607|1
118523872|1
124248942|1
118647571|2
118709917|1
118535978|17
128624280|2
116702176|3
115535462|1
119486911|1
102125880|1
128368268|1
1012554562|1
100181473|1
118542702|4
130127566|4
118778420|1
1019726172|1
10110569X|1
104243473|3
122767306|3
121654397|2
118504134|1
115548904|1
1031179844|4
118589555|1
118630563|1
120813025|1
122057597|3
124094597|1
119243334|1
13777074X|1
1019751754|1
119383845|4
120063239|1
1017637903|2
118612433|3
1012374203|1
118882945|2
122038355|1
116595442|1
104222239|1
118837303|1
119339641|1
116812222|1
1019750510|1
12333859X|1
118729500|3
118712365|2
124345573|2
118554654|2
116333782|1
137844956|2
1037054482|1
1019743247|2
118618121|1
130126985|5
130500208|1
11857308X|1
116782226|1
1016720793|1
118727834|3
116159952|1
115535454|1
118638475|2
11954931X|3
118564803|1
139084339|1
123442524|1
1012337286|1
119324733|1
118883976|1
1019743654|2
116975326|1
117625981|1
116675314|2
118783181|3
118662244|1
116384131|1
139643923|1
118661078|1
118869078|1
120823063|1
128556641|1
116191686|1
13618202X|1
101974362X|2
10010651X|1
130128538|2
115532625|1
1019728779|2
119052520|1
11855686X|1
1019755709|1
116727772|1
118556452|1
116312351|1
119142511|1
1036868214|1
131376411|1
129043478|6
120538512|1
122397541|1
102940606|1
1034982559|1
118528963|1
104074183|1
118633058|1
117654108|1
122165446|5
118853082|1
118602985|1
117546674|1
1019729643|1
142771155|1
118577778|4
118786970|1
133560996|1
124003524|1
124553087|1
119559250|1
137698178|1
139063749|4
144002760|1
100971997|1
119131285|1
118531557|1
11736021X|2
115870830|1
122071247|11
129888648|1
142234486|1
11721857X|2
118547658|1
11869720X|1
101974538X|1
137848153|2
142518379|1
118603817|2
117396427|4
128995882|1
118569376|1
178219398|1
117572217|1
123298903|1
128790490|1
118743112|1
11680470X|1
103141693|30
1011598760|1
143985523|1
135913527|3
11753689X|1
143375105|2
11868440X|1
1019755288|1
118722557|2
118757709|2
1019725567|1
119462613|1
1023185881|1
118807358|2
128486538|1
116256753|1
118771876|1
118639897|2
118798480|1
133561763|2
118615270|3
118865838|2
116758074|1
118555146|1
120726459|1
116095431|2
123040353|1
117187828|1
128622385|4
143366785|2
119193833|2
131975048|30
118904949|1
118673327|1
121024091|1
121978877|1
1019766123|1
121635538|1
1019727713|1
117004669|1
1019727241|1
128306033|1
116023473|1
105097101|1
118740164|1
132243040|1
122749375|2
117104582|1
1036575578|2
131894188|53
118628755|4
136008739|1
1037373014|2
1016709250|2
11641927X|2
124754260|1
121868591|1
117580724|2
104293535|1
124304893|1
1019745487|1
117276677|1
104103337|1
118534262|1
100349137|1
143236776|2
103760938|1
138410488|1
118776754|2
119052636|1
118690469|1
118778277|3
1023875691|1
122883098|8
100093000|1
118547216|5
121292576|1
116395117|3
131890476|1
1019742801|2
124702686|1
1012466094|3
100112544|1
115361871|1
1019740515|1
130060755|1
11852786X|4
131370189|1
1023888106|3
116580151|2
116170654|1
11870351X|1
118561448|1
131543962|1
117085383|1
124664180|1
118522582|9
116981539|1
102433933|1
117324000|1
118626213|12
116345934|1
119314851|1
118671928|1
118835335|2
103696731X|1
104206543|6
117393991|2
11938888X|1
118560042|12
118654624|2
1017621950|1
116880880|1
11698211X|4
119314878|2
11923176X|1
132282852|1
116266309|1
118672703|4
116733799|1
115445382|1
11858698X|1
1019746068|1
11894780X|1
119056437|2
117162701|1
132343762|3
118593951|1
119165198|3
118967789|1
131339923|1
1036563898|1
1036634949|1
118865595|1
11855560X|1
144007398|1
1019751142|1
11750744X|1
122027248|169
120826062|2
127881506|6
118616242|3
121892417|1
1019536314|1
118540211|1
129078786|1
116979038|1
118934783|1
123115876|3
118521721|1
118505092|28
119182238|1
118616382|6
128432241|2
128724250|1
131599224|1
116616164|1
120479133|1
123197066|1
117255726|1
142504831|1
116315776|1
118793837|2
117358495|3
121800059|1
118647717|1
132508532|1
118611720|1
118690442|2
101508298|1
116318090|1
117049107|1
118674382|1
100162533|1
118780409|2
131894137|3
115378405|1
138528365|1
118637991|1
118577387|1
129287679|1
118764322|1
117557366|1
1012248518|4
11955111X|1
10404389X|2
133574342|1
106849646|1
1019740647|1
119111373|1
1011602989|1
1036575012|2
11901775X|1
137342055|1
116643897|1
121063763|1
1013732987|1
102090718|1
130829773|1
125826680|1
115698841|1
102198195|1
118660225|1
118718444|2
130841560|1
1019761814|1
100818633|2
119384086|1
159745993|1
104327758|1
123093910|4
11979084X|2
117251992|1
102490651|17
12445917X|1
1013338626|1
117630004|1
121454681|2
118712373|9
136870724|1
104247533|1
124445373|25
124033083|1
118681613|1
116974338|3
121733890|1
124708390|1
117487724|1
136715338|3
118921584|1
116098961|1
130236012|1
136293905|3
104351985|3
116637277|1
116670851|1
118712284|1
116049839|1
1013103130|1
120193795|1
121142655|1
1031500545|1
119046806|2
118749218|2
1019745096|1
118166417|1
118907158|1
122814037|1
118729683|1
116390417|1
119059622|1
124899242|3
137700342|1
116654406|1
115541802|1
124939449|1
100069789|1
122496523|2
116667478|1
118039849|1
117486787|1
116209771|1
142862800|1
116196440|1
122434099|1
121473961|1
117421650|1
118778404|3
122858387|1
1012522571|1
128598581|17
119314002|2
119391848|1
119006855|1
12391132X|4
133274292|2
143374281|1
125010354|2
115627006|1
116700963|1
132824663|4
104271485|1
135729319|1
117689920|1
120564939|3
118562924|2
108194221|2
123556562|1
124986269|3
118803573|1
11871919X|1
118774611|1
118643355|3
156653141|1
11954721X|1
122983343|1
100632572|2
1019729937|2
119273950|3
100655378|1
124379036|1
102308888|1
118716581|1
116174919|1
143559958|2
121781240|1
118052640|1
142043389|1
124906877|1
104243457|3
117025739|1
119229692|1
1026178363|1
100511910|1
1019747501|1
10421340X|1
117132527|2
122941322|10
118977113|1
100373666|1
11865103X|1
131446452|3
11699245X|1
118635298|2
119137356|1
11895458X|1
119138883|1
113795297|1
12488850X|2
117521930|2
119654369|1
1036571424|1
129072060|1
119007754|5
115825436|3
160575109|1
100736416|2
123496462|1
11732065X|1
118524658|1
118537202|1
118590774|1
116524022|2
117555142|1
118627481|1
1012340317|1
118545140|1
14336572X|1
118616099|3
102109079|3
122837339|4
118787314|7
124184448|1
123380464|87
118548190|1
118639056|2
124384722|1
12928873X|2
12161672X|4
120898306|1
118798022|4
1019766050|2
118747622|3
13225445X|2
11878840X|1
11879924X|2
118677578|2
1037233174|1
118662481|1
120438798|2
11858314X|1
118750704|1
139010300|3
140898395|1
102560277|4
118780999|2
12434870X|1
117630268|1
118004697|1
11864064X|2
129660655|1
11868468X|2
143300822|1
118751336|1
120802538|3
116509465|2
116269464|1
118675745|3
118682555|1
118668153|2
130268992|1
119653311|5
1016772467|1
122028805|6
100289614|1
119291134|1
123345596|6
100811833|5
117191159|1
116954752|2
118925059|8
116229292|1
103128018|1
118519298|1
131659049|1
117457817|2
1019745843|1
117120618|1
119841053|1
118671197|1
1013840402|1
119224364|1
121589889|1
120219522|2
141499680|1
116791462|1
118980092|3
118530933|1
102242453|4
132350947|5
132377527|2
101973874X|1
11896142X|1
120667886|1
1019751533|1
12540736X|4
116263431|1
1012736598|1
122075854|15
123533082|1
118670735|1
1011746492|2
117561649|1
102945543|1
118667939|1
118632914|1
120165511|1
128401478|1
142701521|1
117513172|1
11859673X|1
118780034|1
12285490X|1
116450223|2
119007398|1
118579371|7
118923021|1
120526190|1
118775111|1
133610314|1
118644343|1
102389095X|1
121745783|1
129114286|3
120165562|1
1019725214|1
116332972|1
120832623|2
124158102|1
11728193X|2
100692478|1
122004566|1
11669811X|1
1019741147|1
118574957|1
138787360|1
100081746|2
116906979|1
124541496|1
11875212X|1
118519204|1
118583271|1
118593404|1
122834658|30
11876439X|3
118834746|1
116461527|1
118637649|1
132303841|1
1031199241|1
118642960|3
116665106|1
1036942635|1
1037665384|5
108110664|1
118685325|2
117072222|1
12207114X|6
103468609|1
119257440|1
100406351|3
128821930|1
138078386|1
118649485|1
12742928X|1
122126130|1
122428358|1
118657380|1
1026258529|1
11741302X|1
116068353|1
122583906|1
10212809X|4
121933431|1
137172729|4
115532382|1
122813871|31
143560816|2
121592421|1
12256877X|2
124644686|2
11864260X|1
118688634|1
119334828|2
121044661|1
118614185|1
118563629|2
124658571|1
124703879|2
1017937508|3
115598162|1
118578286|1
102911002|2
12207937X|3
116728701|1
1019744987|1
14331565X|1
116972815|1
124380867|1
116784504|2
119129779|1
12282539X|3
11856224X|1
118712403|5
118678744|4
1037010590|1
119174200|1
119162199|1
121772551|1
118963775|1
118565796|3
13743488X|1
117427624|1
118548220|1
118564420|1
1030117764|1
104177624|1
118674609|1
1037339835|1
117614432|1
141262478|1
117207837|1
117505498|2
143339826|4
121886522|1
12283769X|11
129125482|1
1011455862|1
118679732|1
118742167|3
132864827|4
120474484|1
135718694|1
117061174|1
1024051404|2
139492380|1
118548255|1
117642940|1
1012595684|1
117051993|1
120310805|2
1021433705|1
118560174|3
104360461|1
118660349|1
100804810|1
119150182|2
128358076|2
11565352X|1
129500135|1
115841547|1
129117056|24
102239452|1
123338700|1
104308753|1
116409657|1
138991979|1
115883266|1
116462485|5
117354023|1
117540439|1
1033201340|1
11943881X|2
129269700|1
11860743X|1
1025719913|1
119222248|1
100085563|1
118607421|3
122170849|1
100002188|1
118758349|4
120619679|1
118631713|1
118678965|4
100455840|3
119334690|3
117024279|1
143598716|1
1012007839|1
1019760443|1
1019760052|2
116084324|1
11938177X|1
11661451X|15
129879908|1
1019760087|1
118524089|1
13602131X|1
117674354|1
124358659|1
118577379|1
120852020|1
123494338|1
1024988333|1
116926635|2
116069570|3
132110148|3
138244995|1
127549331|1
1025299779|1
1019765275|1
116870761|1
119151227|1
118582372|1
116423102|1
1037240170|1
118592904|9
10416770X|1
118649507|3
118752243|1
121009351|2
118622994|4
1016698135|1
119415410|2
118718355|1
118738615|1
118614703|1
101975107X|1
116975202|1
118528661|1
118505165|1
118641158|1
118849549|3
119512297|2
118590111|1
119355396|2
1019740256|4
118828991|1
119117304|4
100973698|2
129748609|1
12388117X|1
118968696|2
122073096|1
117190764|1
118560328|1
120526301|103
1019728841|1
121276570|2
12433833X|2
122479963|1
1019741074|1
123071410|1
138388350|3
128358319|1
1037216032|1
116802936|1
1023827859|2
117514691|4
1011951541|1
13660188X|1
118730053|1
1020302402|1
1033536903|2
118609009|1
186679602|1
1019729139|1
137068956|1
143020161|1
119100320|3
128466472|1
121941639|1
104184418|1
118657887|1
118520512|12
118548166|2
11856014X|4
1019757302|4
11871239X|8
121447421|1
118634224|5
119002647|1
118594729|1
1019755822|1
14041794X|2
1024073246|1
130227854|1
138015716|2
11967873X|1
104187069|1
12845153X|3
118808818|1
118521772|1
104317191|2
1019729619|1
118526693|1
132679566|1
116408561|1
118641549|1
11850617X|3
116451165|1
100522688|6
118585045|2
117306452|1
124944647|8
100702635|1
122961617|1
121203654|2
12213768X|1
129730327|1
123097789|8
117089559|1
117371076|1
1019742143|2
122187105|1
122583787|1
118690450|2
116811056|1
1037225007|1
115857400|2
118583107|1
103752668|18
130411434|1
118719092|1
122457919|1
118547356|3
129507423|1
101976614X|1
142601381|1
104295112|1
120636506|1
137070918|1
100011071|1
124145663|2
11861794X|3
129233544|1
118512579|1
139790969|1
118555782|1
118529153|1
11895363X|2
129267953|1
116883391|3
122075560|19
116389044|4
137183720|10
1036403165|1
121304035|1
118838709|1
1036469492|4
139993738|1
136628621|1
128574429|2
120171910|5
116587938|1
1019760818|1
118535005|2
117666491|3
104222190|1
1019747277|2
118662864|2
120825961|1
121424367|1
123926416|1
129726788|2
1019742518|1
102474125|1
118654810|2
118952420|1
1011748215|4
118605240|1
119292203|3
10150568X|1
128689145|1
122893360|1
102309841|1
1019760559|1
130099112|1
11851282X|1
116182792|1
11900240X|1
118560085|2
116342862|1
130296430|2
124387101|4
118565044|1
118649450|4
107025167|1
117038059|1
118688863|1
11850021X|1
119333600|1
119362341|4
120533421|1
101974071X|2
1019738308|1
118573527|1
130563994|1
117407186|3
124985513|1
1019739983|1
1028953860|1
102410240|1
121592308|1
118716379|3
118532235|1
118711547|2
132279029|1
119265648|2
117220949|1
118616617|2
118509470|1
1037011139|1
118731076|1
1037384245|1
102476241|1
118965395|1
116493585|1
100330479|1
100556086|1
118684450|1
118680706|1
118586416|1
12207288X|19
118768654|2
135965039|2
132248786|9
100505724|1
12046800X|1
121318931|2
139882383|1
119438747|1
115641556|1
124707173|1
124356028|1
119467364|2
102279071|1
104138432|1
123417538|1
122338944|1
118550128|1
100115993|1
119235323|2
118609807|1
139172343|1
120688506|1
116108193|1
10022783X|1
1019751681|1
117047309|1
121196429|1
130596795|1
1017960674|1
131568949|2
11899686X|2
118742159|1
118721313|1
116224878|2
1011886286|1
117227617|1
143396714|1
116832371|1
118868217|1
130101931|16
1037386760|1
117256862|1
118605348|1
101972837X|1
142749028|3
1019758961|1
118737104|2
127577246|1
11871483X|1
100100600|1
133806154|1
118709011|1
122052919|114
130031151|1
131795996|2
124516793|1
1019761059|1
118750372|1
120778467|1
122922778|1
13799804X|1
100442234|16
1019729775|1
116067128|1
119439034|1
11931486X|1
115654178|1
118560050|3
12466833X|1
121792412|2
1033830399|1
118554514|1
11890440X|1
121110559|2
117664553|1
118907255|6
116062711|1
1012244539|2
118535013|1
12979631X|1
118585983|1
118808605|1
1017054606|1
118635964|2
118577131|1
118598171|2
128768673|1
123254760|1
118604279|1
118584596|4
115502572|1
116217189|1
142557315|1
117347566|1
142942502|2
116651326|1
118618784|1
142665266|1
11749187X|1
1036484106|1
122766644|23
117466034|2
104283890|1
143848917|1
118584138|4
138269297|5
103082298|1
10412315X|2
136693989|1
101026641|3
130818151|27
118509810|1
129100757|1
118601709|1
159784123|1
116455004|1
123104254|1
11864808X|1
118734490|1
132380153|2
124517307|1
13257697X|1
13595939X|1
117430110|1
118658530|4
139592334|2
100084842|1
12058820X|2
118822659|3
1037009770|1
116881801|2
136611389|2
130026034|2
118790129|2
133639797|3
116781211|1
118518585|1
118886770|1
101975544X|1
118653407|1
130304336|4
100153860|2
128653426|7
119206110|1
100110789|1
12891324X|1
119127628|1
12166404X|1
116564199|3
136343716|1
128545720|1
117129852|1
100501133|1
122150147|2
118974041|2
119366541|1
118878921|3
136278442|1
115379118|1
120291371|1
116397306|1
115490701|2
1019761431|1
116041749|1
129919659|1
118622501|1
119180413|1
121433587|1
102512094|2
140893903|2
116109238|1
118512315|1
115616780|1
133143252|1
121380998|1
116587512|2
136637698|1
115579117|1
115378030|1
118577905|6
11676225X|1
117610550|1
101972921X|3
116639296|3
12016342X|1
137125542|1
118522477|1
1037052560|1
102139159X|1
118778390|1
104160802|6
118546937|3
142955434|2
118782835|2
11883732X|3
121634132|1
118580051|1
117117668|1
110847733|17
1037331400|6
116297956|1
101975933X|1
123018587|4
116018577|1
1026072255|2
118784919|2
121592383|1
118593838|1
115534474|1
124568025|1
1019759232|1
122188284|3
118834142|1
124433650|1
118631349|2
10208310X|1
117458937|1
124408354|1
116183403|1
13908522X|1
1019726393|2
121610772|1
123526191|1
117248339|1
1019738499|1
118047477|35
116744324|4
118631926|1
14353937X|2
1012596222|2
122366794|3
117620335|1
10412492X|1
11919063X|2
10030673X|8
116500948|1
124082963|1
128752386|1
118745239|1
121315517|1
118624822|1
11884704X|1
116161043|1
11859169X|1
100143539|1
116885955|2
143468685|1
1019745657|1
136595944|1
11874349X|1
1023867265|2
1012536793|1
118540238|3
122296826|18
118554735|2
118779540|1
124825907|1
143375628|1
117433845|1
115389229|1
117051128|1
137397216|1
1037384962|1
118697587|1
118619993|2
104352876|1
139291083|2
103119140|1
119430797|3
118955403|1
119061899|1
1019743239|1
11869605X|1
101342736X|1
116330422|1
1019731214|2
1032055324|1
117399264|1
1014526426|1
118522515|2
118776371|1
124772757|2
1019726202|2
118705911|1
118624113|1
118600346|1
1019729724|1
118532340|1
119520737|1
118527150|1
119318792|1
119025701|1
118686852|2
121999300|3
124317863|5
143111906|2
1013171349|1
119020688|1
10406286X|2
123338646|2
118530909|1
118692313|1
131487531|1
116659572|1
118735594|2
118640437|1
136991513|1
118699962|1
118607626|7
137430442|1
11872469X|5
120538520|1
1033787760|2
117369454|2
129445304|2
119837579|1
118773607|1
17221050X|1
116011696|1
118921886|1
129038644|1
1013522397|1
138951632|2
1014927463|1
118768409|1
117533955|1
11879714X|2
1019743573|1
1021205958|1
1019751835|1
174304668|4
1019737743|1
118777335|1
119113309|3
116053356|1
121583562|3
118792180|1
140422501|1
116574747|1
134294203|1
1036387038|1
11854490X|1
117480924|1
117637548|1
141460911|3
1036478890|1
1037240464|2
118784676|1
122267702|1
11671350X|1
116801298|185
136375464|2
128885920|1
136925995|1
118786199|2
141657790|1
118681400|1
1037194217|1
1037283309|1
117268933|1
118740180|4
104319186|2
123166667|1
118567543|2
117585416|1
100363105|1
1037009991|2
11852285X|1
132503220|1
132587505|1
119159651|1
118907883|1
118505904|1
117427543|1
116281421|1
116543035|1
118686747|3
1019749881|1
135923530|1
121266826|1
118828495|1
118622803|1
129627593|2
116275235|1
130604917|3
116597674|1
118794582|1
124368611|1
1012729826|1
1036754065|1
122786912|1
119183471|3
118781472|1
1019737271|1
104154950|1
128873868|56
118663208|1
118829157|2
115691928|1
132713535|1
121110141|1
101039581|1
1016849303|3
119080184|3
102116156|3
101130970X|2
1019766212|1
117450766|1
118513419|1
119659808|1
118703498|2
116988134|1
123389771|3
115825258|2
118549286|1
117164658|1
119551667|1
124559824|2
118676512|2
1019728043|2
124167691|5
129311472|1
118807935|2
138058415|8
118639889|2
129846643|1
124944973|1
11931035X|1
129692875|3
116307536|1
130840904|1
121257932|1
115360166|1
117129720|5
1019729813|1
119451816|1
131591568|1
121002756|1
124018491|2
117270598|1
100249000|1
118535668|1
133372693|1
141192127|1
118516418|3
1019739770|1
102478996|1
120763516|2
116654686|1
124164943|2
131809598|1
118856898|1
118657666|2
11656508X|1
152543538|1
118637312|1
118634895|2
11678735X|1
136285597|1
135788331|2
116997052|1
143418955|2
102518777|1
121378993|6
118626574|2
116848405|1
122718011|1
124322018|1
1019729015|1
116691174|1
118670840|1
1019744995|1
14247214X|1
13315789X|1
118531379|1
143798030|1
154051977|1
122268083|1
11859964X|11
117453773|1
118522841|7
1019755644|1
103686846X|1
118506358|1
104139226|1
102960143|1
118793446|1
119389118|1
11855140X|2
1019738359|1
104144769|12
116991534|3
101490119|1
143440489|3
1013117948|1
117070904|2
100803997|4
11851136X|2
10406742X|1
101974569X|1
118782711|1
116061375|1
119143801|2
128683961|1
1014808340|1
1019750146|1
104176865|2
104114614|1
123974461|2
118746928|2
100545890|1
137163843|1
118513303|1
119121204|1
118985981|1
119400839|7
101166349X|1
118620134|1
118921347|1
1019764384|1
124245471|1
12889301X|1
183811704|1
11738304X|2
132487179|1
11866784X|1
118729187|9
118688642|2
115661069|1
1019758082|1
118760130|1
130626945|1
1019747587|1
115361111|2
104254904|1
101853461X|1
132539268|1
118699970|1
118734725|1
118781510|1
124515479|1
118560883|1
118595741|4
1011662701|1
118656368|6
1019741945|1
11862704X|1
1019743735|1
137124627|1
118605909|1
130223905|3
13837192X|1
11864436X|2
118569317|2
1019743301|2
104321415|1
102030065|7
1029535434|1
139552421|1
1019757094|1
119024276|1
122165462|3
1037337131|1
118612190|1
122692497|1
1019730579|1
1023545551|1
116324554|5
117644218|4
122076354|9
116461977|6
129847984|1
129928070|1
100332811|1
124180043|2
11888672X|1
135932955|1
119093812|1
119054396|1
119284936|1
115878734|1
1019766034|1
1036574334|1
118682296|1
133584429|1
1019726059|2
118529846|1
118573748|2
116946636|1
116371757|1
117402524|1
100041213|1
116602821|9
109526929|2
120018551|1
102446148|1
1012009718|1
118696823|1
118629867|1
101780664|1
118930567|4
129717266|1
116348461|1
118547445|3
118828363|9
118909177|1
138061408|1
118697277|3
142276081|1
118615688|1
118528939|1
118545515|1
1019755342|1
1019763493|1
128380667|1
143752960|1
115825916|1
1025472454|1
